-9.9590E-11	3.5365E-10
-9.9490E-11	2.2613E-10
-9.9389E-11	1.7032E-10
-9.9288E-11	2.0783E-10
-9.9187E-11	2.4383E-10
-9.9086E-11	1.7955E-10
-9.8986E-11	1.8517E-10
-9.8885E-11	2.0279E-10
-9.8784E-11	1.6637E-10
-9.8683E-11	1.1988E-10
-9.8582E-11	1.9277E-10
-9.8482E-11	2.1537E-10
-9.8381E-11	2.3262E-10
-9.8280E-11	2.1252E-10
-9.8179E-11	1.6245E-10
-9.8078E-11	1.9860E-10
-9.7978E-11	1.8920E-10
-9.7877E-11	1.4793E-10
-9.7776E-11	1.3342E-10
-9.7675E-11	1.8274E-10
-9.7574E-11	2.4097E-10
-9.7474E-11	2.4869E-10
-9.7373E-11	1.8902E-10
-9.7272E-11	2.2086E-10
-9.7171E-11	2.2738E-10
-9.7070E-11	1.6721E-10
-9.6970E-11	1.6722E-10
-9.6869E-11	2.0753E-10
-9.6768E-11	2.1341E-10
-9.6667E-11	1.8778E-10
-9.6566E-11	1.3295E-10
-9.6466E-11	2.2005E-10
-9.6365E-11	2.1551E-10
-9.6264E-11	1.4078E-10
-9.6163E-11	1.3772E-10
-9.6062E-11	1.9593E-10
-9.5962E-11	1.4699E-10
-9.5861E-11	2.2387E-10
-9.5760E-11	1.5559E-10
-9.5659E-11	1.8228E-10
-9.5558E-11	1.7173E-10
-9.5458E-11	2.1559E-10
-9.5357E-11	1.8540E-10
-9.5256E-11	2.2448E-10
-9.5155E-11	1.5976E-10
-9.5054E-11	1.6841E-10
-9.4954E-11	1.6630E-10
-9.4853E-11	1.6386E-10
-9.4752E-11	1.6673E-10
-9.4651E-11	1.7734E-10
-9.4550E-11	2.0677E-10
-9.4450E-11	1.3006E-10
-9.4349E-11	1.7866E-10
-9.4248E-11	1.7237E-10
-9.4147E-11	1.9481E-10
-9.4046E-11	2.0050E-10
-9.3946E-11	1.7660E-10
-9.3845E-11	1.3485E-10
-9.3744E-11	2.0443E-10
-9.3643E-11	1.4032E-10
-9.3542E-11	2.2513E-10
-9.3442E-11	1.8214E-10
-9.3341E-11	1.6754E-10
-9.3240E-11	1.5957E-10
-9.3139E-11	1.6925E-10
-9.3038E-11	1.7535E-10
-9.2938E-11	1.7457E-10
-9.2837E-11	1.5411E-10
-9.2736E-11	2.1758E-10
-9.2635E-11	2.2108E-10
-9.2534E-11	1.9851E-10
-9.2434E-11	1.8726E-10
-9.2333E-11	2.0325E-10
-9.2232E-11	2.2762E-10
-9.2131E-11	2.0531E-10
-9.2030E-11	1.9726E-10
-9.1930E-11	1.8583E-10
-9.1829E-11	1.8064E-10
-9.1728E-11	1.6119E-10
-9.1627E-11	1.5624E-10
-9.1526E-11	1.4072E-10
-9.1426E-11	1.5052E-10
-9.1325E-11	1.4641E-10
-9.1224E-11	1.9315E-10
-9.1123E-11	1.9095E-10
-9.1022E-11	1.4365E-10
-9.0922E-11	2.2053E-10
-9.0821E-11	2.1885E-10
-9.0720E-11	1.6098E-10
-9.0619E-11	2.0035E-10
-9.0518E-11	2.0345E-10
-9.0418E-11	2.2608E-10
-9.0317E-11	1.6795E-10
-9.0216E-11	1.8006E-10
-9.0115E-11	1.9591E-10
-9.0014E-11	1.7490E-10
-8.9914E-11	1.8310E-10
-8.9813E-11	1.6497E-10
-8.9712E-11	1.8850E-10
-8.9611E-11	1.9158E-10
-8.9510E-11	1.8035E-10
-8.9410E-11	2.0499E-10
-8.9309E-11	1.3019E-10
-8.9208E-11	1.8014E-10
-8.9107E-11	2.3566E-10
-8.9006E-11	1.8565E-10
-8.8906E-11	1.9406E-10
-8.8805E-11	2.0492E-10
-8.8704E-11	1.8473E-10
-8.8603E-11	1.4178E-10
-8.8502E-11	1.5614E-10
-8.8402E-11	1.9664E-10
-8.8301E-11	1.9763E-10
-8.8200E-11	2.1049E-10
-8.8099E-11	2.3908E-10
-8.7998E-11	2.0394E-10
-8.7898E-11	2.2198E-10
-8.7797E-11	1.7614E-10
-8.7696E-11	1.8095E-10
-8.7595E-11	2.0710E-10
-8.7494E-11	1.8017E-10
-8.7394E-11	1.7431E-10
-8.7293E-11	2.5092E-10
-8.7192E-11	2.4157E-10
-8.7091E-11	1.8583E-10
-8.6990E-11	2.0681E-10
-8.6890E-11	1.4175E-10
-8.6789E-11	1.6113E-10
-8.6688E-11	1.7558E-10
-8.6587E-11	1.7322E-10
-8.6486E-11	2.4384E-10
-8.6386E-11	2.2974E-10
-8.6285E-11	1.5935E-10
-8.6184E-11	2.2248E-10
-8.6083E-11	1.8297E-10
-8.5982E-11	1.9781E-10
-8.5882E-11	2.6072E-10
-8.5781E-11	2.0795E-10
-8.5680E-11	1.4300E-10
-8.5579E-11	2.2649E-10
-8.5478E-11	1.8415E-10
-8.5378E-11	1.5472E-10
-8.5277E-11	1.4722E-10
-8.5176E-11	1.7954E-10
-8.5075E-11	1.7363E-10
-8.4974E-11	1.3967E-10
-8.4874E-11	1.7973E-10
-8.4773E-11	1.7450E-10
-8.4672E-11	1.6599E-10
-8.4571E-11	1.4928E-10
-8.4470E-11	1.3840E-10
-8.4370E-11	2.1359E-10
-8.4269E-11	1.8816E-10
-8.4168E-11	1.8712E-10
-8.4067E-11	2.5192E-10
-8.3966E-11	1.9439E-10
-8.3866E-11	1.7716E-10
-8.3765E-11	1.8082E-10
-8.3664E-11	1.6825E-10
-8.3563E-11	1.8795E-10
-8.3462E-11	1.8997E-10
-8.3362E-11	1.6106E-10
-8.3261E-11	1.9412E-10
-8.3160E-11	1.6817E-10
-8.3059E-11	1.5312E-10
-8.2958E-11	2.2055E-10
-8.2858E-11	1.5353E-10
-8.2757E-11	1.8087E-10
-8.2656E-11	1.8792E-10
-8.2555E-11	1.5115E-10
-8.2454E-11	1.3845E-10
-8.2354E-11	1.7897E-10
-8.2253E-11	1.7363E-10
-8.2152E-11	1.6509E-10
-8.2051E-11	1.8131E-10
-8.1950E-11	2.3250E-10
-8.1850E-11	1.6733E-10
-8.1749E-11	1.4024E-10
-8.1648E-11	1.7850E-10
-8.1547E-11	1.7159E-10
-8.1446E-11	2.3733E-10
-8.1346E-11	1.9589E-10
-8.1245E-11	1.9011E-10
-8.1144E-11	1.9665E-10
-8.1043E-11	2.0337E-10
-8.0942E-11	1.7591E-10
-8.0842E-11	1.5640E-10
-8.0741E-11	1.6171E-10
-8.0640E-11	2.5144E-10
-8.0539E-11	1.6551E-10
-8.0438E-11	1.9871E-10
-8.0338E-11	2.2442E-10
-8.0237E-11	1.5866E-10
-8.0136E-11	1.7249E-10
-8.0035E-11	1.6177E-10
-7.9934E-11	1.8177E-10
-7.9834E-11	1.8985E-10
-7.9733E-11	1.7902E-10
-7.9632E-11	1.7417E-10
-7.9531E-11	1.7849E-10
-7.9430E-11	1.8031E-10
-7.9330E-11	2.0824E-10
-7.9229E-11	1.6150E-10
-7.9128E-11	2.2819E-10
-7.9027E-11	1.4289E-10
-7.8926E-11	1.8276E-10
-7.8826E-11	2.1424E-10
-7.8725E-11	1.7222E-10
-7.8624E-11	1.6318E-10
-7.8523E-11	1.7640E-10
-7.8422E-11	2.4154E-10
-7.8322E-11	1.9401E-10
-7.8221E-11	2.3643E-10
-7.8120E-11	2.3275E-10
-7.8019E-11	1.7833E-10
-7.7918E-11	2.0509E-10
-7.7818E-11	2.1617E-10
-7.7717E-11	1.6069E-10
-7.7616E-11	1.6175E-10
-7.7515E-11	1.7396E-10
-7.7414E-11	2.2467E-10
-7.7314E-11	1.5883E-10
-7.7213E-11	1.7936E-10
-7.7112E-11	1.9871E-10
-7.7011E-11	1.9380E-10
-7.6910E-11	1.8508E-10
-7.6810E-11	1.7895E-10
-7.6709E-11	2.0919E-10
-7.6608E-11	1.6664E-10
-7.6507E-11	1.7425E-10
-7.6406E-11	1.5043E-10
-7.6306E-11	2.5611E-10
-7.6205E-11	1.3078E-10
-7.6104E-11	1.5991E-10
-7.6003E-11	1.9238E-10
-7.5902E-11	1.3347E-10
-7.5802E-11	2.5026E-10
-7.5701E-11	1.4278E-10
-7.5600E-11	1.8125E-10
-7.5499E-11	1.5714E-10
-7.5398E-11	1.9294E-10
-7.5298E-11	1.8517E-10
-7.5197E-11	1.7218E-10
-7.5096E-11	1.8069E-10
-7.4995E-11	1.7901E-10
-7.4894E-11	2.1601E-10
-7.4794E-11	1.6988E-10
-7.4693E-11	2.0709E-10
-7.4592E-11	2.2147E-10
-7.4491E-11	1.5290E-10
-7.4390E-11	1.9052E-10
-7.4290E-11	2.2442E-10
-7.4189E-11	2.4216E-10
-7.4088E-11	1.6094E-10
-7.3987E-11	1.8379E-10
-7.3886E-11	2.6426E-10
-7.3786E-11	2.1628E-10
-7.3685E-11	2.2413E-10
-7.3584E-11	1.7621E-10
-7.3483E-11	1.4000E-10
-7.3382E-11	1.4578E-10
-7.3282E-11	2.1626E-10
-7.3181E-11	1.8585E-10
-7.3080E-11	1.6678E-10
-7.2979E-11	2.0376E-10
-7.2878E-11	1.6083E-10
-7.2778E-11	1.5563E-10
-7.2677E-11	2.0544E-10
-7.2576E-11	1.8921E-10
-7.2475E-11	1.9232E-10
-7.2374E-11	2.0381E-10
-7.2274E-11	2.0759E-10
-7.2173E-11	1.8128E-10
-7.2072E-11	1.3246E-10
-7.1971E-11	1.9080E-10
-7.1870E-11	1.6927E-10
-7.1770E-11	1.8828E-10
-7.1669E-11	2.0029E-10
-7.1568E-11	2.1529E-10
-7.1467E-11	2.4453E-10
-7.1366E-11	2.1267E-10
-7.1266E-11	1.2752E-10
-7.1165E-11	2.1121E-10
-7.1064E-11	1.4161E-10
-7.0963E-11	2.4699E-10
-7.0862E-11	1.9945E-10
-7.0762E-11	1.8691E-10
-7.0661E-11	1.5305E-10
-7.0560E-11	1.6544E-10
-7.0459E-11	2.2048E-10
-7.0358E-11	1.7068E-10
-7.0258E-11	1.4160E-10
-7.0157E-11	2.0927E-10
-7.0056E-11	2.1877E-10
-6.9955E-11	1.6713E-10
-6.9854E-11	1.8214E-10
-6.9754E-11	2.3964E-10
-6.9653E-11	1.9492E-10
-6.9552E-11	1.9078E-10
-6.9451E-11	1.6015E-10
-6.9350E-11	1.8929E-10
-6.9250E-11	1.8954E-10
-6.9149E-11	1.8960E-10
-6.9048E-11	1.4078E-10
-6.8947E-11	1.5303E-10
-6.8846E-11	1.9530E-10
-6.8746E-11	2.0943E-10
-6.8645E-11	1.7020E-10
-6.8544E-11	1.9019E-10
-6.8443E-11	2.0652E-10
-6.8342E-11	2.6496E-10
-6.8242E-11	1.9777E-10
-6.8141E-11	1.8680E-10
-6.8040E-11	2.0685E-10
-6.7939E-11	1.7693E-10
-6.7838E-11	1.7688E-10
-6.7738E-11	1.9712E-10
-6.7637E-11	1.4735E-10
-6.7536E-11	1.8569E-10
-6.7435E-11	1.6957E-10
-6.7334E-11	1.4617E-10
-6.7234E-11	1.7008E-10
-6.7133E-11	1.6695E-10
-6.7066E-11	1.3845E-10
-6.7066E-11	1.4277E-10
-6.7066E-11	1.4321E-10
-6.7066E-11	1.5237E-10
-6.7066E-11	1.6055E-10
-6.7066E-11	1.6234E-10
-6.7066E-11	1.6445E-10
-6.7066E-11	1.7122E-10
-6.7066E-11	1.7175E-10
-6.7066E-11	1.7388E-10
-6.7066E-11	1.7623E-10
-6.7066E-11	1.7707E-10
-6.7066E-11	1.7772E-10
-6.7066E-11	1.7805E-10
-6.7066E-11	1.8470E-10
-6.7066E-11	1.8657E-10
-6.7066E-11	1.8868E-10
-6.7066E-11	1.9093E-10
-6.7066E-11	1.9221E-10
-6.7066E-11	1.9494E-10
-6.7066E-11	1.9520E-10
-6.7066E-11	1.9633E-10
-6.7066E-11	2.0048E-10
-6.7066E-11	2.0402E-10
-6.7066E-11	2.0873E-10
-6.7066E-11	2.1574E-10
-6.7066E-11	2.2013E-10
-6.7066E-11	2.2746E-10
-6.7066E-11	2.3594E-10
-6.7066E-11	2.8032E-10
-6.7032E-11	1.9188E-10
-6.6931E-11	1.4754E-10
-6.6830E-11	2.1816E-10
-6.6730E-11	1.6971E-10
-6.6629E-11	1.5989E-10
-6.6528E-11	2.1221E-10
-6.6427E-11	1.9630E-10
-6.6326E-11	1.5191E-10
-6.6226E-11	1.8605E-10
-6.6125E-11	1.8167E-10
-6.6024E-11	1.8946E-10
-6.5923E-11	2.0391E-10
-6.5822E-11	1.7950E-10
-6.5722E-11	2.1455E-10
-6.5621E-11	1.5388E-10
-6.5520E-11	1.6216E-10
-6.5419E-11	2.3806E-10
-6.5318E-11	1.7455E-10
-6.5218E-11	1.9300E-10
-6.5117E-11	1.9919E-10
-6.5016E-11	2.0627E-10
-6.4915E-11	1.9624E-10
-6.4814E-11	2.1031E-10
-6.4714E-11	2.2418E-10
-6.4613E-11	1.0007E-10
-6.4512E-11	1.9453E-10
-6.4411E-11	2.4209E-10
-6.4310E-11	1.7384E-10
-6.4210E-11	1.7669E-10
-6.4109E-11	1.4062E-10
-6.4008E-11	1.6981E-10
-6.3907E-11	1.9293E-10
-6.3806E-11	1.7217E-10
-6.3706E-11	1.4963E-10
-6.3605E-11	1.7564E-10
-6.3504E-11	1.8355E-10
-6.3403E-11	1.9720E-10
-6.3302E-11	1.5526E-10
-6.3202E-11	1.4155E-10
-6.3101E-11	1.1786E-10
-6.3000E-11	1.8330E-10
-6.2899E-11	2.3080E-10
-6.2798E-11	1.6858E-10
-6.2698E-11	1.8200E-10
-6.2597E-11	1.8385E-10
-6.2496E-11	1.8265E-10
-6.2395E-11	1.9382E-10
-6.2294E-11	2.2480E-10
-6.2194E-11	1.9462E-10
-6.2093E-11	1.7659E-10
-6.1992E-11	1.5962E-10
-6.1891E-11	1.8037E-10
-6.1790E-11	1.6064E-10
-6.1690E-11	2.0891E-10
-6.1589E-11	2.3261E-10
-6.1488E-11	1.9668E-10
-6.1387E-11	1.0805E-10
-6.1286E-11	1.8670E-10
-6.1186E-11	1.7756E-10
-6.1085E-11	1.8147E-10
-6.0984E-11	1.4673E-10
-6.0883E-11	1.6789E-10
-6.0782E-11	1.6438E-10
-6.0682E-11	1.7404E-10
-6.0581E-11	1.5245E-10
-6.0480E-11	1.6684E-10
-6.0379E-11	2.1308E-10
-6.0278E-11	1.7680E-10
-6.0178E-11	1.5753E-10
-6.0077E-11	2.1348E-10
-5.9976E-11	2.0739E-10
-5.9875E-11	1.6303E-10
-5.9774E-11	1.7463E-10
-5.9674E-11	2.1219E-10
-5.9573E-11	1.9564E-10
-5.9472E-11	1.5704E-10
-5.9371E-11	2.0644E-10
-5.9270E-11	1.6138E-10
-5.9170E-11	1.2285E-10
-5.9069E-11	2.2263E-10
-5.8968E-11	1.1966E-10
-5.8867E-11	1.5770E-10
-5.8766E-11	1.8276E-10
-5.8666E-11	1.3305E-10
-5.8565E-11	1.7671E-10
-5.8464E-11	1.2295E-10
-5.8363E-11	1.7275E-10
-5.8262E-11	1.8016E-10
-5.8162E-11	2.1990E-10
-5.8061E-11	1.3220E-10
-5.7960E-11	2.2027E-10
-5.7859E-11	1.7643E-10
-5.7758E-11	1.8754E-10
-5.7658E-11	1.3633E-10
-5.7557E-11	1.4854E-10
-5.7456E-11	1.6031E-10
-5.7355E-11	2.1591E-10
-5.7254E-11	2.6059E-10
-5.7154E-11	1.9412E-10
-5.7053E-11	1.6217E-10
-5.6952E-11	1.4391E-10
-5.6851E-11	1.9882E-10
-5.6750E-11	1.9309E-10
-5.6650E-11	2.2215E-10
-5.6549E-11	1.5662E-10
-5.6448E-11	1.6803E-10
-5.6347E-11	2.0158E-10
-5.6246E-11	2.0250E-10
-5.6146E-11	1.8933E-10
-5.6045E-11	2.0147E-10
-5.5944E-11	2.2194E-10
-5.5843E-11	1.9482E-10
-5.5742E-11	1.6457E-10
-5.5642E-11	1.9717E-10
-5.5541E-11	1.8122E-10
-5.5440E-11	1.4664E-10
-5.5339E-11	2.2439E-10
-5.5238E-11	1.6256E-10
-5.5138E-11	1.5268E-10
-5.5037E-11	2.0862E-10
-5.4936E-11	2.0837E-10
-5.4835E-11	1.9438E-10
-5.4734E-11	1.4504E-10
-5.4634E-11	1.4547E-10
-5.4533E-11	2.1676E-10
-5.4432E-11	1.8449E-10
-5.4331E-11	1.9686E-10
-5.4230E-11	1.8395E-10
-5.4130E-11	2.1444E-10
-5.4029E-11	1.9804E-10
-5.3928E-11	1.6007E-10
-5.3827E-11	2.1432E-10
-5.3726E-11	1.7885E-10
-5.3626E-11	1.6231E-10
-5.3525E-11	2.1593E-10
-5.3424E-11	1.6679E-10
-5.3323E-11	2.0719E-10
-5.3222E-11	1.8122E-10
-5.3122E-11	1.9207E-10
-5.3021E-11	1.9286E-10
-5.2920E-11	1.6250E-10
-5.2819E-11	1.8435E-10
-5.2718E-11	2.3465E-10
-5.2618E-11	2.4000E-10
-5.2517E-11	2.2303E-10
-5.2416E-11	2.3602E-10
-5.2315E-11	1.8362E-10
-5.2214E-11	2.8751E-10
-5.2114E-11	1.6292E-10
-5.2013E-11	2.5147E-10
-5.1912E-11	1.8474E-10
-5.1811E-11	1.5170E-10
-5.1710E-11	1.9762E-10
-5.1610E-11	2.2862E-10
-5.1509E-11	2.4499E-10
-5.1408E-11	2.0992E-10
-5.1307E-11	2.3739E-10
-5.1206E-11	2.0805E-10
-5.1106E-11	2.5748E-10
-5.1005E-11	1.8372E-10
-5.0904E-11	2.4093E-10
-5.0803E-11	2.2171E-10
-5.0702E-11	1.8323E-10
-5.0602E-11	2.5268E-10
-5.0501E-11	2.1318E-10
-5.0400E-11	2.2050E-10
-5.0299E-11	2.0387E-10
-5.0198E-11	2.0846E-10
-5.0098E-11	2.7810E-10
-4.9997E-11	1.8682E-10
-4.9896E-11	1.7068E-10
-4.9795E-11	1.8902E-10
-4.9694E-11	1.9899E-10
-4.9594E-11	2.2399E-10
-4.9493E-11	2.1511E-10
-4.9392E-11	1.9885E-10
-4.9291E-11	2.4527E-10
-4.9190E-11	2.0195E-10
-4.9090E-11	2.6696E-10
-4.8989E-11	2.2357E-10
-4.8888E-11	1.5429E-10
-4.8787E-11	2.1412E-10
-4.8686E-11	1.8600E-10
-4.8586E-11	1.7584E-10
-4.8485E-11	2.4462E-10
-4.8384E-11	2.8998E-10
-4.8283E-11	1.8398E-10
-4.8182E-11	1.8236E-10
-4.8082E-11	1.5888E-10
-4.7981E-11	1.8496E-10
-4.7880E-11	1.7642E-10
-4.7779E-11	1.4060E-10
-4.7678E-11	2.5257E-10
-4.7578E-11	2.3608E-10
-4.7477E-11	1.6224E-10
-4.7376E-11	1.8873E-10
-4.7275E-11	1.9852E-10
-4.7174E-11	1.6785E-10
-4.7074E-11	1.5467E-10
-4.6973E-11	1.7545E-10
-4.6872E-11	1.9363E-10
-4.6771E-11	1.1652E-10
-4.6670E-11	1.5284E-10
-4.6570E-11	1.4211E-10
-4.6469E-11	1.9169E-10
-4.6368E-11	1.7221E-10
-4.6267E-11	1.6598E-10
-4.6166E-11	1.5516E-10
-4.6066E-11	1.3168E-10
-4.5965E-11	1.6463E-10
-4.5864E-11	3.5493E-10
-4.5763E-11	1.7968E-10
-4.5662E-11	1.7539E-10
-4.5562E-11	1.7447E-10
-4.5461E-11	1.6454E-10
-4.5360E-11	1.1567E-10
-4.5259E-11	1.7615E-10
-4.5158E-11	1.3365E-10
-4.5058E-11	1.6395E-10
-4.4957E-11	1.8709E-10
-4.4856E-11	1.8832E-10
-4.4755E-11	1.8183E-10
-4.4654E-11	1.6999E-10
-4.4554E-11	1.7810E-10
-4.4453E-11	1.8487E-10
-4.4352E-11	1.8742E-10
-4.4251E-11	1.8739E-10
-4.4150E-11	1.6114E-10
-4.4050E-11	2.2960E-10
-4.3949E-11	2.1211E-10
-4.3848E-11	1.9744E-10
-4.3747E-11	1.3556E-10
-4.3646E-11	1.5495E-10
-4.3546E-11	1.5278E-10
-4.3445E-11	1.5931E-10
-4.3344E-11	2.0279E-10
-4.3243E-11	1.6750E-10
-4.3142E-11	1.6088E-10
-4.3042E-11	2.0413E-10
-4.2941E-11	1.8771E-10
-4.2840E-11	1.9136E-10
-4.2739E-11	1.7145E-10
-4.2638E-11	1.4684E-10
-4.2538E-11	1.2840E-10
-4.2437E-11	1.6587E-10
-4.2336E-11	2.0301E-10
-4.2235E-11	2.0439E-10
-4.2134E-11	1.8903E-10
-4.2034E-11	1.9756E-10
-4.1933E-11	1.6889E-10
-4.1832E-11	1.5849E-10
-4.1731E-11	1.8875E-10
-4.1630E-11	1.7310E-10
-4.1530E-11	2.1885E-10
-4.1429E-11	2.0060E-10
-4.1328E-11	1.3700E-10
-4.1227E-11	1.7673E-10
-4.1126E-11	2.2148E-10
-4.1026E-11	1.6919E-10
-4.0925E-11	1.6840E-10
-4.0824E-11	1.8382E-10
-4.0723E-11	2.2451E-10
-4.0622E-11	1.5976E-10
-4.0522E-11	1.7485E-10
-4.0421E-11	1.6059E-10
-4.0320E-11	1.6625E-10
-4.0219E-11	1.9553E-10
-4.0118E-11	1.0891E-10
-4.0018E-11	2.0707E-10
-3.9917E-11	1.9038E-10
-3.9816E-11	1.9719E-10
-3.9715E-11	1.9478E-10
-3.9614E-11	2.1862E-10
-3.9514E-11	1.6519E-10
-3.9413E-11	1.8082E-10
-3.9312E-11	1.7188E-10
-3.9211E-11	1.7666E-10
-3.9110E-11	2.0018E-10
-3.9010E-11	2.3975E-10
-3.8909E-11	1.7054E-10
-3.8808E-11	2.0081E-10
-3.8707E-11	1.9423E-10
-3.8606E-11	1.8042E-10
-3.8506E-11	1.7865E-10
-3.8405E-11	2.0950E-10
-3.8304E-11	2.2607E-10
-3.8203E-11	1.7671E-10
-3.8102E-11	1.7160E-10
-3.8002E-11	2.3947E-10
-3.7901E-11	2.6253E-10
-3.7800E-11	1.7600E-10
-3.7699E-11	1.9744E-10
-3.7598E-11	1.4769E-10
-3.7498E-11	1.9851E-10
-3.7397E-11	1.8816E-10
-3.7296E-11	1.5794E-10
-3.7195E-11	2.6093E-10
-3.7094E-11	2.2471E-10
-3.6994E-11	1.5163E-10
-3.6893E-11	1.8609E-10
-3.6792E-11	2.1028E-10
-3.6691E-11	1.5478E-10
-3.6590E-11	1.3892E-10
-3.6490E-11	2.0516E-10
-3.6389E-11	1.8969E-10
-3.6288E-11	1.8486E-10
-3.6187E-11	1.8455E-10
-3.6086E-11	1.7735E-10
-3.5986E-11	1.6035E-10
-3.5885E-11	1.8476E-10
-3.5784E-11	1.8046E-10
-3.5683E-11	1.7930E-10
-3.5582E-11	1.9958E-10
-3.5482E-11	1.9343E-10
-3.5381E-11	1.5154E-10
-3.5280E-11	1.3984E-10
-3.5179E-11	1.8736E-10
-3.5078E-11	1.6733E-10
-3.4978E-11	1.4241E-10
-3.4877E-11	1.7214E-10
-3.4776E-11	1.5153E-10
-3.4675E-11	1.5298E-10
-3.4574E-11	2.0071E-10
-3.4474E-11	1.8995E-10
-3.4373E-11	1.6363E-10
-3.4272E-11	1.8647E-10
-3.4171E-11	1.6579E-10
-3.4070E-11	1.6572E-10
-3.3970E-11	1.7452E-10
-3.3869E-11	1.6297E-10
-3.3768E-11	1.3590E-10
-3.3667E-11	2.2363E-10
-3.3566E-11	1.8405E-10
-3.3466E-11	2.1590E-10
-3.3365E-11	1.8246E-10
-3.3264E-11	1.8627E-10
-3.3163E-11	1.4861E-10
-3.3062E-11	1.4729E-10
-3.2962E-11	2.0009E-10
-3.2861E-11	1.4472E-10
-3.2760E-11	1.7425E-10
-3.2659E-11	1.9082E-10
-3.2558E-11	1.6132E-10
-3.2458E-11	1.9585E-10
-3.2357E-11	2.1940E-10
-3.2256E-11	1.6015E-10
-3.2155E-11	1.7701E-10
-3.2054E-11	1.5464E-10
-3.1954E-11	1.6068E-10
-3.1853E-11	1.9858E-10
-3.1752E-11	1.5405E-10
-3.1651E-11	1.8354E-10
-3.1550E-11	1.7843E-10
-3.1450E-11	1.5792E-10
-3.1349E-11	1.4230E-10
-3.1248E-11	1.7991E-10
-3.1147E-11	1.4314E-10
-3.1046E-11	1.5658E-10
-3.0946E-11	1.6230E-10
-3.0845E-11	1.6846E-10
-3.0744E-11	1.8370E-10
-3.0643E-11	1.8733E-10
-3.0542E-11	1.3211E-10
-3.0442E-11	1.6282E-10
-3.0341E-11	1.5718E-10
-3.0240E-11	1.6802E-10
-3.0139E-11	1.9865E-10
-3.0038E-11	1.4114E-10
-2.9938E-11	1.3679E-10
-2.9837E-11	1.6679E-10
-2.9736E-11	1.5538E-10
-2.9635E-11	1.8562E-10
-2.9534E-11	1.6677E-10
-2.9434E-11	1.6284E-10
-2.9333E-11	1.0601E-10
-2.9232E-11	1.2831E-10
-2.9131E-11	1.6555E-10
-2.9030E-11	1.5680E-10
-2.8930E-11	1.6817E-10
-2.8829E-11	1.6088E-10
-2.8728E-11	1.7784E-10
-2.8627E-11	1.8443E-10
-2.8526E-11	2.1040E-10
-2.8426E-11	1.3452E-10
-2.8325E-11	1.8633E-10
-2.8224E-11	1.7614E-10
-2.8123E-11	1.7353E-10
-2.8022E-11	1.2136E-10
-2.7922E-11	1.4775E-10
-2.7821E-11	1.8467E-10
-2.7720E-11	1.5430E-10
-2.7619E-11	1.6462E-10
-2.7518E-11	1.7818E-10
-2.7418E-11	1.5346E-10
-2.7317E-11	1.7604E-10
-2.7216E-11	2.1376E-10
-2.7115E-11	2.1894E-10
-2.7014E-11	1.2055E-10
-2.6914E-11	1.8098E-10
-2.6813E-11	1.2306E-10
-2.6712E-11	1.7502E-10
-2.6611E-11	1.6382E-10
-2.6510E-11	1.9258E-10
-2.6410E-11	1.6096E-10
-2.6309E-11	1.6248E-10
-2.6208E-11	1.4992E-10
-2.6107E-11	1.8470E-10
-2.6006E-11	1.9027E-10
-2.5906E-11	1.7745E-10
-2.5805E-11	1.5758E-10
-2.5704E-11	1.2003E-10
-2.5603E-11	2.1593E-10
-2.5502E-11	1.8705E-10
-2.5402E-11	1.9221E-10
-2.5301E-11	2.3952E-10
-2.5200E-11	2.3951E-10
-2.5099E-11	2.5709E-10
-2.4998E-11	1.5367E-10
-2.4898E-11	2.8215E-10
-2.4797E-11	4.0958E-10
-2.4696E-11	4.3217E-10
-2.4595E-11	5.7975E-10
-2.4494E-11	1.1453E-9
-2.4394E-11	1.8052E-9
-2.4293E-11	2.3166E-9
-2.4192E-11	4.1720E-9
-2.4091E-11	4.5205E-9
-2.3990E-11	5.9769E-9
-2.3890E-11	7.0796E-9
-2.3789E-11	8.5716E-9
-2.3688E-11	9.4588E-9
-2.3587E-11	1.1166E-8
-2.3486E-11	9.4700E-9
-2.3386E-11	7.6345E-9
-2.3285E-11	5.0111E-9
-2.3184E-11	3.5947E-9
-2.3083E-11	2.6035E-9
-2.2982E-11	2.6440E-9
-2.2882E-11	3.3070E-9
-2.2781E-11	4.2064E-9
-2.2680E-11	5.4952E-9
-2.2579E-11	7.2063E-9
-2.2478E-11	7.8167E-9
-2.2378E-11	8.1749E-9
-2.2277E-11	7.2238E-9
-2.2176E-11	5.5782E-9
-2.2075E-11	4.0153E-9
-2.1974E-11	2.6457E-9
-2.1874E-11	1.8902E-9
-2.1773E-11	1.1400E-9
-2.1672E-11	9.4486E-10
-2.1571E-11	1.0549E-9
-2.1470E-11	8.2909E-10
-2.1370E-11	8.0461E-10
-2.1269E-11	6.5099E-10
-2.1168E-11	5.9810E-10
-2.1067E-11	6.1478E-10
-2.0966E-11	5.9709E-10
-2.0866E-11	5.3408E-10
-2.0765E-11	5.8097E-10
-2.0664E-11	5.1470E-10
-2.0563E-11	5.2899E-10
-2.0462E-11	4.4089E-10
-2.0362E-11	3.3359E-10
-2.0261E-11	3.3715E-10
-2.0160E-11	3.7674E-10
-2.0059E-11	2.7905E-10
-1.9958E-11	2.7348E-10
-1.9858E-11	2.0502E-10
-1.9757E-11	2.2897E-10
-1.9656E-11	2.0003E-10
-1.9555E-11	1.6820E-10
-1.9454E-11	2.0172E-10
-1.9354E-11	2.1832E-10
-1.9253E-11	1.9094E-10
-1.9152E-11	2.8121E-10
-1.9051E-11	2.1155E-10
-1.8950E-11	2.1825E-10
-1.8850E-11	2.1278E-10
-1.8749E-11	1.8144E-10
-1.8648E-11	1.8644E-10
-1.8547E-11	2.4526E-10
-1.8446E-11	1.8188E-10
-1.8346E-11	2.0245E-10
-1.8245E-11	2.2531E-10
-1.8144E-11	2.6427E-10
-1.8043E-11	2.5346E-10
-1.7942E-11	2.6768E-10
-1.7842E-11	2.2516E-10
-1.7741E-11	2.1408E-10
-1.7640E-11	1.7889E-10
-1.7539E-11	1.9684E-10
-1.7438E-11	2.1536E-10
-1.7338E-11	2.2206E-10
-1.7237E-11	2.0585E-10
-1.7136E-11	1.9006E-10
-1.7035E-11	1.9809E-10
-1.6934E-11	2.7470E-10
-1.6834E-11	1.7167E-10
-1.6733E-11	1.7256E-10
-1.6632E-11	2.2393E-10
-1.6531E-11	2.5536E-10
-1.6430E-11	1.9538E-10
-1.6330E-11	2.2012E-10
-1.6229E-11	2.7522E-10
-1.6128E-11	2.7435E-10
-1.6027E-11	2.5012E-10
-1.5926E-11	2.5487E-10
-1.5826E-11	2.6464E-10
-1.5725E-11	2.4116E-10
-1.5624E-11	1.9391E-10
-1.5523E-11	1.4146E-10
-1.5422E-11	1.9050E-10
-1.5322E-11	2.6329E-10
-1.5221E-11	2.6685E-10
-1.5120E-11	2.4654E-10
-1.5019E-11	3.2374E-10
-1.4918E-11	3.3733E-10
-1.4818E-11	2.9611E-10
-1.4717E-11	2.6948E-10
-1.4616E-11	2.4303E-10
-1.4515E-11	2.4813E-10
-1.4414E-11	2.3550E-10
-1.4314E-11	3.2405E-10
-1.4213E-11	2.9048E-10
-1.4112E-11	3.0166E-10
-1.4011E-11	2.9608E-10
-1.3910E-11	3.0647E-10
-1.3810E-11	2.9289E-10
-1.3709E-11	3.2152E-10
-1.3608E-11	3.4935E-10
-1.3507E-11	3.0565E-10
-1.3406E-11	4.2543E-10
-1.3306E-11	4.7624E-10
-1.3205E-11	7.7607E-10
-1.3104E-11	1.1124E-9
-1.3003E-11	1.9607E-9
-1.2902E-11	3.3712E-9
-1.2802E-11	5.3683E-9
-1.2701E-11	8.7527E-9
-1.2600E-11	1.4037E-8
-1.2499E-11	2.2557E-8
-1.2398E-11	3.9731E-8
-1.2298E-11	5.9292E-8
-1.2197E-11	8.4782E-8
-1.2096E-11	1.0506E-7
-1.1995E-11	1.2156E-7
-1.1894E-11	1.3928E-7
-1.1794E-11	1.8964E-7
-1.1693E-11	2.2075E-7
-1.1592E-11	2.2114E-7
-1.1491E-11	2.7136E-7
-1.1390E-11	2.8432E-7
-1.1290E-11	2.7039E-7
-1.1189E-11	2.1521E-7
-1.1088E-11	1.9812E-7
-1.0987E-11	1.7447E-7
-1.0886E-11	2.2149E-7
-1.0786E-11	2.5653E-7
-1.0685E-11	3.6284E-7
-1.0584E-11	4.3671E-7
-1.0483E-11	4.3744E-7
-1.0382E-11	5.4096E-7
-1.0282E-11	5.7959E-7
-1.0181E-11	5.8276E-7
-1.0080E-11	5.7285E-7
-9.9792E-12	5.3051E-7
-9.8784E-12	4.3609E-7
-9.7776E-12	3.3665E-7
-9.6768E-12	2.6256E-7
-9.5760E-12	1.9448E-7
-9.4752E-12	1.5851E-7
-9.3744E-12	1.0533E-7
-9.2736E-12	6.7908E-8
-9.1728E-12	4.3981E-8
-9.0720E-12	3.0189E-8
-8.9712E-12	2.2552E-8
-8.8704E-12	1.7136E-8
-8.7696E-12	1.3071E-8
-8.6688E-12	1.0722E-8
-8.5680E-12	9.0452E-9
-8.4672E-12	6.9873E-9
-8.3664E-12	6.5527E-9
-8.2656E-12	4.9772E-9
-8.1648E-12	3.8647E-9
-8.0640E-12	2.9654E-9
-7.9632E-12	2.4496E-9
-7.8624E-12	2.0411E-9
-7.7616E-12	1.6484E-9
-7.6608E-12	1.5840E-9
-7.5600E-12	1.8640E-9
-7.4592E-12	2.5276E-9
-7.3584E-12	4.2820E-9
-7.2576E-12	6.3361E-9
-7.1568E-12	8.8850E-9
-7.0560E-12	1.1024E-8
-6.9552E-12	1.5140E-8
-6.8544E-12	1.8871E-8
-6.7536E-12	2.5778E-8
-6.6528E-12	3.0887E-8
-6.5520E-12	3.4851E-8
-6.4512E-12	4.0699E-8
-6.3504E-12	3.7494E-8
-6.2496E-12	3.9793E-8
-6.1488E-12	3.6123E-8
-6.0480E-12	3.5767E-8
-5.9472E-12	3.4952E-8
-5.8464E-12	4.8953E-8
-5.7456E-12	7.2269E-8
-5.6448E-12	9.9489E-8
-5.5440E-12	1.3031E-7
-5.4432E-12	1.3821E-7
-5.3424E-12	1.1696E-7
-5.2416E-12	1.0073E-7
-5.1408E-12	7.6496E-8
-5.0400E-12	6.0481E-8
-4.9392E-12	5.4936E-8
-4.8384E-12	6.2921E-8
-4.7376E-12	6.6093E-8
-4.6368E-12	8.2028E-8
-4.5360E-12	1.0064E-7
-4.4352E-12	9.7742E-8
-4.3344E-12	8.2771E-8
-4.2336E-12	7.4024E-8
-4.1328E-12	6.3617E-8
-4.0320E-12	6.1238E-8
-3.9312E-12	6.7615E-8
-3.8304E-12	8.9111E-8
-3.7296E-12	1.3484E-7
-3.6288E-12	1.6838E-7
-3.5280E-12	2.1377E-7
-3.4272E-12	2.8720E-7
-3.3264E-12	4.2913E-7
-3.2256E-12	6.7249E-7
-3.1248E-12	1.1414E-6
-3.0240E-12	1.5871E-6
-2.9232E-12	3.8702E-6
-2.8224E-12	9.1270E-6
-2.7216E-12	1.6724E-5
-2.6208E-12	3.4454E-5
-2.5200E-12	3.8540E-5
-2.4192E-12	7.0273E-5
-2.3184E-12	1.0407E-4
-2.2176E-12	1.6751E-4
-2.1168E-12	2.3398E-4
-2.0160E-12	3.2454E-4
-1.9152E-12	4.4446E-4
-1.8144E-12	5.6202E-4
-1.7136E-12	8.7664E-4
-1.6128E-12	1.1038E-3
-1.5120E-12	1.1916E-3
-1.4112E-12	1.3464E-3
-1.3104E-12	1.3694E-3
-1.2096E-12	1.3385E-3
-1.1088E-12	1.2601E-3
-1.0080E-12	1.2053E-3
-9.0720E-13	1.1540E-3
-8.0640E-13	1.4544E-3
-7.0560E-13	1.0545E-3
-6.0480E-13	1.1172E-3
-5.0400E-13	1.3001E-3
-4.0320E-13	1.6478E-3
-3.0240E-13	2.2695E-3
-2.0160E-13	3.0148E-3
-1.0080E-13	3.2905E-3
0.0000E+0	3.4643E-3
1.0080E-13	3.2991E-3
2.0160E-13	3.2443E-3
3.0240E-13	2.8558E-3
4.0320E-13	2.6076E-3
5.0400E-13	1.9029E-3
6.0480E-13	1.5090E-3
7.0560E-13	1.2424E-3
8.0640E-13	9.4936E-4
9.0720E-13	5.9606E-4
1.0080E-12	4.5585E-4
1.1088E-12	3.4518E-4
1.2096E-12	2.5391E-4
1.3104E-12	1.9386E-4
1.4112E-12	1.5248E-4
1.5120E-12	1.1176E-4
1.6128E-12	9.4373E-5
1.7136E-12	8.0757E-5
1.8144E-12	7.1911E-5
1.9152E-12	5.8062E-5
2.0160E-12	1.0425E-4
2.1168E-12	2.9664E-5
2.2176E-12	2.9074E-5
2.3184E-12	1.9242E-5
2.4192E-12	1.7635E-5
2.5200E-12	1.2716E-5
2.6208E-12	8.2104E-6
2.7216E-12	6.3154E-6
2.8224E-12	5.0880E-6
2.9232E-12	4.1498E-6
3.0240E-12	5.0735E-6
3.1248E-12	4.1738E-6
3.2256E-12	3.2668E-6
3.3264E-12	2.4648E-6
3.4272E-12	2.0380E-6
3.5280E-12	1.7234E-6
3.6288E-12	1.4173E-6
3.7296E-12	1.1921E-6
3.8304E-12	1.0240E-6
3.9312E-12	9.5379E-7
4.0320E-12	7.9015E-7
4.1328E-12	6.9743E-7
4.2336E-12	6.3169E-7
4.3344E-12	5.3713E-7
4.4352E-12	3.9877E-7
4.5360E-12	3.2811E-7
4.6368E-12	2.9191E-7
4.7376E-12	3.0076E-7
4.8384E-12	3.4731E-7
4.9392E-12	4.0693E-7
5.0400E-12	4.5077E-7
5.1408E-12	4.4523E-7
5.2416E-12	4.3325E-7
5.3424E-12	3.8218E-7
5.4432E-12	3.0881E-7
5.5440E-12	1.8093E-7
5.6448E-12	1.1338E-7
5.7456E-12	8.2579E-8
5.8464E-12	7.3356E-8
5.9472E-12	7.1770E-8
6.0480E-12	7.7764E-8
6.1488E-12	6.7425E-8
6.2496E-12	5.5795E-8
6.3504E-12	4.9800E-8
6.4512E-12	2.9613E-8
6.5520E-12	2.2606E-8
6.6528E-12	1.7711E-8
6.7536E-12	1.6230E-8
6.8544E-12	1.4542E-8
6.9552E-12	1.3773E-8
7.0560E-12	1.0907E-8
7.1568E-12	6.7556E-9
7.2576E-12	5.0042E-9
7.3584E-12	4.1437E-9
7.4592E-12	5.9898E-9
7.5600E-12	1.0881E-8
7.6608E-12	1.8751E-8
7.7616E-12	2.7055E-8
7.8624E-12	4.5136E-8
7.9632E-12	7.2246E-8
8.0640E-12	1.1260E-7
8.1648E-12	1.4859E-7
8.2656E-12	1.9227E-7
8.3664E-12	2.5572E-7
8.4672E-12	3.2167E-7
8.5680E-12	4.3497E-7
8.6688E-12	5.0907E-7
8.7696E-12	6.2855E-7
8.8704E-12	6.5301E-7
8.9712E-12	7.4698E-7
9.0720E-12	8.0546E-7
9.1728E-12	7.4731E-7
9.2736E-12	6.8000E-7
9.3744E-12	6.5339E-7
9.4752E-12	6.0676E-7
9.5760E-12	5.7279E-7
9.6768E-12	5.7272E-7
9.7776E-12	6.1729E-7
9.8784E-12	7.7533E-7
9.9792E-12	8.2065E-7
1.0080E-11	1.1666E-6
1.0181E-11	1.3319E-6
1.0282E-11	1.2578E-6
1.0382E-11	1.3256E-6
1.0483E-11	1.3360E-6
1.0584E-11	1.3137E-6
1.0685E-11	1.2371E-6
1.0786E-11	1.0489E-6
1.0886E-11	8.4188E-7
1.0987E-11	6.7580E-7
1.1088E-11	5.2239E-7
1.1189E-11	4.0281E-7
1.1290E-11	2.7309E-7
1.1390E-11	1.9214E-7
1.1491E-11	1.3734E-7
1.1592E-11	1.0698E-7
1.1693E-11	8.7856E-8
1.1794E-11	6.5179E-8
1.1894E-11	5.1700E-8
1.1995E-11	4.3988E-8
1.2096E-11	3.8873E-8
1.2197E-11	3.4249E-8
1.2298E-11	2.9535E-8
1.2398E-11	2.5602E-8
1.2499E-11	1.9827E-8
1.2600E-11	1.7790E-8
1.2701E-11	1.5043E-8
1.2802E-11	1.2394E-8
1.2902E-11	1.0500E-8
1.3003E-11	7.8128E-9
1.3104E-11	7.0848E-9
1.3205E-11	7.0855E-9
1.3306E-11	6.6262E-9
1.3406E-11	7.9406E-9
1.3507E-11	7.9615E-9
1.3608E-11	8.9977E-9
1.3709E-11	1.0142E-8
1.3810E-11	1.0223E-8
1.3910E-11	1.1385E-8
1.4011E-11	9.9774E-9
1.4112E-11	9.5037E-9
1.4213E-11	7.3165E-9
1.4314E-11	5.8986E-9
1.4414E-11	5.9848E-9
1.4515E-11	4.5481E-9
1.4616E-11	4.3950E-9
1.4717E-11	2.8646E-9
1.4818E-11	2.5897E-9
1.4918E-11	2.0687E-9
1.5019E-11	1.7902E-9
1.5120E-11	1.4282E-9
1.5221E-11	1.2939E-9
1.5322E-11	1.1700E-9
1.5422E-11	1.0915E-9
1.5523E-11	1.0966E-9
1.5624E-11	1.1004E-9
1.5725E-11	9.5045E-10
1.5826E-11	1.0607E-9
1.5926E-11	9.9952E-10
1.6027E-11	1.0028E-9
1.6128E-11	6.6561E-10
1.6229E-11	6.3532E-10
1.6330E-11	4.7158E-10
1.6430E-11	4.5799E-10
1.6531E-11	4.0142E-10
1.6632E-11	3.3186E-10
1.6733E-11	3.1434E-10
1.6834E-11	3.7828E-10
1.6934E-11	4.0614E-10
1.7035E-11	2.7144E-10
1.7136E-11	2.6872E-10
1.7237E-11	2.5138E-10
1.7338E-11	2.9042E-10
1.7438E-11	3.3333E-10
1.7539E-11	3.1045E-10
1.7640E-11	3.0386E-10
1.7741E-11	3.0286E-10
1.7842E-11	2.9949E-10
1.7942E-11	3.4056E-10
1.8043E-11	3.5050E-10
1.8144E-11	3.4556E-10
1.8245E-11	3.5825E-10
1.8346E-11	3.1002E-10
1.8446E-11	3.7327E-10
1.8547E-11	3.1789E-10
1.8648E-11	3.9078E-10
1.8749E-11	4.3119E-10
1.8850E-11	3.9804E-10
1.8950E-11	3.7850E-10
1.9051E-11	4.4638E-10
1.9152E-11	3.7359E-10
1.9253E-11	4.6546E-10
1.9354E-11	5.0603E-10
1.9454E-11	4.7040E-10
1.9555E-11	5.1193E-10
1.9656E-11	5.5513E-10
1.9757E-11	5.5544E-10
1.9858E-11	5.1943E-10
1.9958E-11	4.7328E-10
2.0059E-11	4.8901E-10
2.0160E-11	4.6106E-10
2.0261E-11	4.3476E-10
2.0362E-11	4.4985E-10
2.0462E-11	5.7297E-10
2.0563E-11	8.6671E-10
2.0664E-11	7.4214E-10
2.0765E-11	1.0741E-9
2.0866E-11	1.0183E-9
2.0966E-11	8.4009E-10
2.1067E-11	8.5323E-10
2.1168E-11	7.0028E-10
2.1269E-11	7.6172E-10
2.1370E-11	7.0443E-10
2.1470E-11	3.6165E-10
2.1571E-11	4.2071E-10
2.1672E-11	3.2620E-10
2.1773E-11	3.2574E-10
2.1874E-11	3.7567E-10
2.1974E-11	2.9360E-10
2.2075E-11	3.3763E-10
2.2176E-11	2.8072E-10
2.2277E-11	3.6370E-10
2.2378E-11	3.8228E-10
2.2478E-11	3.8723E-10
2.2579E-11	4.8401E-10
2.2680E-11	5.1462E-10
2.2781E-11	7.4033E-10
2.2882E-11	1.0298E-9
2.2982E-11	1.1897E-9
2.3083E-11	1.5933E-9
2.3184E-11	2.2458E-9
2.3285E-11	2.8040E-9
2.3386E-11	3.6558E-9
2.3486E-11	4.3765E-9
2.3587E-11	4.7794E-9
2.3688E-11	5.2469E-9
2.3789E-11	6.5991E-9
2.3890E-11	6.2827E-9
2.3990E-11	6.1989E-9
2.4091E-11	6.1516E-9
2.4192E-11	6.0831E-9
2.4293E-11	5.1144E-9
2.4394E-11	5.7518E-9
2.4494E-11	5.5355E-9
2.4595E-11	5.4315E-9
2.4696E-11	6.0962E-9
2.4797E-11	6.9838E-9
2.4898E-11	7.4263E-9
2.4998E-11	8.5658E-9
2.5099E-11	1.0630E-8
2.5200E-11	1.1539E-8
2.5301E-11	1.1801E-8
2.5402E-11	1.2068E-8
2.5502E-11	1.1362E-8
2.5603E-11	1.1099E-8
2.5704E-11	1.0354E-8
2.5805E-11	9.3820E-9
2.5906E-11	8.0965E-9
2.6006E-11	6.1618E-9
2.6107E-11	5.0068E-9
2.6208E-11	4.1967E-9
2.6309E-11	2.7908E-9
2.6410E-11	1.9532E-9
2.6510E-11	1.5570E-9
2.6611E-11	1.4169E-9
2.6712E-11	1.0161E-9
2.6813E-11	1.0816E-9
2.6914E-11	9.8456E-10
2.7014E-11	8.7455E-10
2.7115E-11	8.4251E-10
2.7216E-11	7.3705E-10
2.7317E-11	6.6708E-10
2.7418E-11	5.5456E-10
2.7518E-11	5.8035E-10
2.7619E-11	5.3642E-10
2.7720E-11	4.4026E-10
2.7821E-11	3.8735E-10
2.7922E-11	3.3225E-10
2.8022E-11	3.2986E-10
2.8123E-11	3.3998E-10
2.8224E-11	2.8304E-10
2.8325E-11	3.8518E-10
2.8426E-11	4.0638E-10
2.8526E-11	3.1902E-10
2.8627E-11	3.4995E-10
2.8728E-11	3.1528E-10
2.8829E-11	3.4448E-10
2.8930E-11	2.6546E-10
2.9030E-11	3.0131E-10
2.9131E-11	2.4569E-10
2.9232E-11	2.2269E-10
2.9333E-11	2.4021E-10
2.9434E-11	2.8080E-10
2.9534E-11	2.7155E-10
2.9635E-11	2.9002E-10
2.9736E-11	2.7426E-10
2.9837E-11	3.1857E-10
2.9938E-11	3.3711E-10
3.0038E-11	3.2166E-10
3.0139E-11	2.3125E-10
3.0240E-11	2.6426E-10
3.0341E-11	2.4355E-10
3.0442E-11	2.8645E-10
3.0542E-11	2.7871E-10
3.0643E-11	2.7059E-10
3.0744E-11	2.2081E-10
3.0845E-11	2.7352E-10
3.0946E-11	2.2788E-10
3.1046E-11	2.9985E-10
3.1147E-11	2.6236E-10
3.1248E-11	2.6271E-10
3.1349E-11	2.6914E-10
3.1450E-11	2.5196E-10
3.1550E-11	2.7931E-10
3.1651E-11	2.3877E-10
3.1752E-11	2.5595E-10
3.1853E-11	2.6189E-10
3.1954E-11	2.7151E-10
3.2054E-11	2.8730E-10
3.2155E-11	2.3539E-10
3.2256E-11	3.1174E-10
3.2357E-11	2.3982E-10
3.2458E-11	2.6756E-10
3.2558E-11	2.9114E-10
3.2659E-11	2.0287E-10
3.2760E-11	2.7779E-10
3.2861E-11	2.1775E-10
3.2962E-11	2.5159E-10
3.3062E-11	3.0613E-10
3.3163E-11	2.5663E-10
3.3264E-11	2.6427E-10
3.3365E-11	2.8910E-10
3.3466E-11	2.7928E-10
3.3566E-11	2.2430E-10
3.3667E-11	2.5024E-10
3.3768E-11	3.1692E-10
3.3869E-11	2.5910E-10
3.3970E-11	2.8771E-10
3.4070E-11	2.3341E-10
3.4171E-11	2.9251E-10
3.4272E-11	2.7111E-10
3.4373E-11	2.5769E-10
3.4474E-11	2.8367E-10
3.4574E-11	2.4898E-10
3.4675E-11	2.9355E-10
3.4776E-11	2.6972E-10
3.4877E-11	2.4831E-10
3.4978E-11	2.4426E-10
3.5078E-11	3.0261E-10
3.5179E-11	2.4889E-10
3.5280E-11	2.5361E-10
3.5381E-11	2.5412E-10
3.5482E-11	2.1665E-10
3.5582E-11	2.5689E-10
3.5683E-11	2.8265E-10
3.5784E-11	2.8555E-10
3.5885E-11	2.1875E-10
3.5986E-11	2.9089E-10
3.6086E-11	2.2269E-10
3.6187E-11	2.4440E-10
3.6288E-11	2.4456E-10
3.6389E-11	2.7992E-10
3.6490E-11	2.6748E-10
3.6590E-11	2.6699E-10
3.6691E-11	2.3988E-10
3.6792E-11	2.0514E-10
3.6893E-11	1.9094E-10
3.6994E-11	2.6908E-10
3.7094E-11	2.5097E-10
3.7195E-11	3.3842E-10
3.7296E-11	4.8424E-10
3.7397E-11	5.4367E-10
3.7498E-11	8.8648E-10
3.7598E-11	1.3385E-9
3.7699E-11	2.1008E-9
3.7800E-11	3.5320E-9
3.7901E-11	4.6236E-9
3.8002E-11	6.2895E-9
3.8102E-11	6.8330E-9
3.8203E-11	8.5317E-9
3.8304E-11	9.5825E-9
3.8405E-11	1.1333E-8
3.8506E-11	1.2876E-8
3.8606E-11	1.2528E-8
3.8707E-11	1.0412E-8
3.8808E-11	1.0594E-8
3.8909E-11	1.0381E-8
3.9010E-11	8.7291E-9
3.9110E-11	9.7418E-9
3.9211E-11	9.4709E-9
3.9312E-11	1.2182E-8
3.9413E-11	1.5880E-8
3.9514E-11	2.1105E-8
3.9614E-11	2.3112E-8
3.9715E-11	2.3491E-8
3.9816E-11	2.6263E-8
3.9917E-11	2.6952E-8
4.0018E-11	2.3982E-8
4.0118E-11	2.3718E-8
4.0219E-11	1.9430E-8
4.0320E-11	1.6533E-8
4.0421E-11	1.3192E-8
4.0522E-11	1.0007E-8
4.0622E-11	6.3063E-9
4.0723E-11	4.9764E-9
4.0824E-11	3.8404E-9
4.0925E-11	2.5693E-9
4.1026E-11	2.3466E-9
4.1126E-11	2.0333E-9
4.1227E-11	1.7933E-9
4.1328E-11	1.3393E-9
4.1429E-11	1.2244E-9
4.1530E-11	1.0821E-9
4.1630E-11	9.1951E-10
4.1731E-11	7.4987E-10
4.1832E-11	6.6107E-10
4.1933E-11	6.2597E-10
4.2034E-11	6.2367E-10
4.2134E-11	5.0188E-10
4.2235E-11	4.8170E-10
4.2336E-11	3.9110E-10
4.2437E-11	3.6703E-10
4.2538E-11	2.9448E-10
4.2638E-11	3.1767E-10
4.2739E-11	2.6133E-10
4.2840E-11	2.7672E-10
4.2941E-11	2.2537E-10
4.3042E-11	2.5797E-10
4.3142E-11	2.4144E-10
4.3243E-11	2.7863E-10
4.3344E-11	2.0826E-10
4.3445E-11	2.8403E-10
4.3546E-11	2.8155E-10
4.3646E-11	2.3710E-10
4.3747E-11	2.2736E-10
4.3848E-11	2.2016E-10
4.3949E-11	1.8673E-10
4.4050E-11	2.7560E-10
4.4150E-11	1.9237E-10
4.4251E-11	1.8305E-10
4.4352E-11	2.1394E-10
4.4453E-11	2.1980E-10
4.4554E-11	2.1617E-10
4.4654E-11	1.9985E-10
4.4755E-11	2.3131E-10
4.4856E-11	1.8305E-10
4.4957E-11	2.5390E-10
4.5058E-11	2.5984E-10
4.5158E-11	2.1260E-10
4.5259E-11	2.7728E-10
4.5360E-11	1.5406E-10
4.5461E-11	2.0359E-10
4.5562E-11	1.8737E-10
4.5662E-11	1.4756E-10
4.5763E-11	2.3342E-10
4.5864E-11	1.7940E-10
4.5965E-11	1.9740E-10
4.6066E-11	2.0184E-10
4.6166E-11	1.6221E-10
4.6267E-11	1.7814E-10
4.6368E-11	1.9575E-10
4.6469E-11	1.6844E-10
4.6570E-11	1.9939E-10
4.6670E-11	2.0862E-10
4.6771E-11	2.1928E-10
4.6872E-11	2.2025E-10
4.6973E-11	2.2168E-10
4.7074E-11	2.4675E-10
4.7174E-11	2.3289E-10
4.7275E-11	2.2572E-10
4.7376E-11	2.1100E-10
4.7477E-11	2.3508E-10
4.7578E-11	1.9313E-10
4.7678E-11	2.0966E-10
4.7779E-11	2.3098E-10
4.7880E-11	2.2323E-10
4.7981E-11	2.7889E-10
4.8082E-11	3.1464E-10
4.8182E-11	3.6353E-10
4.8283E-11	4.1351E-10
4.8384E-11	5.6314E-10
4.8485E-11	7.9422E-10
4.8586E-11	8.8178E-10
4.8686E-11	1.4200E-9
4.8787E-11	1.6975E-9
4.8888E-11	2.1895E-9
4.8989E-11	2.7707E-9
4.9090E-11	3.4044E-9
4.9190E-11	3.7058E-9
4.9291E-11	3.9820E-9
4.9392E-11	3.8661E-9
4.9493E-11	3.1542E-9
4.9594E-11	3.2447E-9
4.9694E-11	2.7313E-9
4.9795E-11	2.6236E-9
4.9896E-11	2.2265E-9
4.9997E-11	1.9912E-9
5.0098E-11	2.4061E-9
5.0198E-11	2.5301E-9
5.0299E-11	3.2081E-9
5.0400E-11	4.0300E-9
5.0501E-11	5.2086E-9
5.0602E-11	6.0514E-9
5.0702E-11	5.4493E-9
5.0803E-11	5.0990E-9
5.0904E-11	5.2147E-9
5.1005E-11	4.6413E-9
5.1106E-11	3.1088E-9
5.1206E-11	2.3010E-9
5.1307E-11	1.7654E-9
5.1408E-11	1.4937E-9
5.1509E-11	1.0250E-9
5.1610E-11	7.1136E-10
5.1710E-11	7.7642E-10
5.1811E-11	4.5238E-10
5.1912E-11	3.7701E-10
5.2013E-11	3.3713E-10
5.2114E-11	2.8010E-10
5.2214E-11	3.1706E-10
5.2315E-11	3.4228E-10
5.2416E-11	2.4902E-10
5.2517E-11	2.8453E-10
5.2618E-11	2.8185E-10
5.2718E-11	2.8823E-10
5.2819E-11	2.3414E-10
5.2920E-11	2.0870E-10
5.3021E-11	2.4312E-10
5.3122E-11	2.3917E-10
5.3222E-11	1.9456E-10
5.3323E-11	1.9658E-10
5.3424E-11	2.1178E-10
5.3525E-11	1.8559E-10
5.3626E-11	1.7959E-10
5.3726E-11	2.0757E-10
5.3827E-11	2.3822E-10
5.3928E-11	2.3658E-10
5.4029E-11	1.9968E-10
5.4130E-11	2.1883E-10
5.4230E-11	3.0159E-10
5.4331E-11	2.0601E-10
5.4432E-11	2.3829E-10
5.4533E-11	2.7849E-10
5.4634E-11	2.0744E-10
5.4734E-11	2.4418E-10
5.4835E-11	2.4440E-10
5.4936E-11	1.7732E-10
5.5037E-11	2.1814E-10
5.5138E-11	1.7854E-10
5.5238E-11	1.6523E-10
5.5339E-11	1.7874E-10
5.5440E-11	2.1365E-10
5.5541E-11	2.0765E-10
5.5642E-11	1.9111E-10
5.5742E-11	1.8157E-10
5.5843E-11	1.9905E-10
5.5944E-11	1.6874E-10
5.6045E-11	1.9768E-10
5.6146E-11	1.9471E-10
5.6246E-11	1.4101E-10
5.6347E-11	1.7735E-10
5.6448E-11	1.8603E-10
5.6549E-11	1.9642E-10
5.6650E-11	1.9542E-10
5.6750E-11	2.0336E-10
5.6851E-11	1.9446E-10
5.6952E-11	1.8706E-10
5.7053E-11	1.7213E-10
5.7154E-11	2.3276E-10
5.7254E-11	2.7631E-10
5.7355E-11	2.1817E-10
5.7456E-11	1.3851E-10
5.7557E-11	2.0981E-10
