-9.9086E-11	2.2261E-10
-9.8986E-11	1.1496E-11
-9.8885E-11	2.0002E-11
-9.8784E-11	1.7649E-11
-9.8683E-11	1.0147E-11
-9.8582E-11	8.3134E-12
-9.8482E-11	7.9033E-12
-9.8381E-11	1.1981E-11
-9.8280E-11	1.0229E-11
-9.8179E-11	1.0584E-11
-9.8078E-11	1.7015E-11
-9.7978E-11	2.4715E-11
-9.7877E-11	1.3789E-11
-9.7776E-11	1.5143E-11
-9.7675E-11	1.3808E-11
-9.7574E-11	1.3082E-11
-9.7474E-11	1.7055E-11
-9.7373E-11	9.3596E-12
-9.7272E-11	1.2694E-11
-9.7171E-11	1.3465E-11
-9.7070E-11	1.0659E-11
-9.6970E-11	2.1109E-11
-9.6869E-11	1.2036E-11
-9.6768E-11	8.8715E-12
-9.6667E-11	1.7516E-11
-9.6566E-11	1.5820E-11
-9.6466E-11	2.3684E-11
-9.6365E-11	1.2864E-11
-9.6264E-11	7.0730E-12
-9.6163E-11	1.8582E-11
-9.6062E-11	1.6992E-11
-9.5962E-11	1.4333E-11
-9.5861E-11	1.0860E-11
-9.5760E-11	2.0212E-11
-9.5659E-11	1.5580E-11
-9.5558E-11	1.2854E-11
-9.5458E-11	1.8071E-11
-9.5357E-11	1.1540E-11
-9.5256E-11	1.3626E-11
-9.5155E-11	1.1829E-11
-9.5054E-11	1.9807E-11
-9.4954E-11	2.1312E-11
-9.4853E-11	1.3855E-11
-9.4752E-11	7.9112E-12
-9.4651E-11	1.5809E-11
-9.4550E-11	1.0901E-11
-9.4450E-11	8.2556E-12
-9.4349E-11	9.2312E-12
-9.4248E-11	2.0275E-11
-9.4147E-11	8.6167E-12
-9.4046E-11	9.6427E-12
-9.3946E-11	1.7390E-11
-9.3845E-11	2.2729E-11
-9.3744E-11	1.4052E-11
-9.3643E-11	1.3189E-11
-9.3542E-11	2.1542E-11
-9.3442E-11	1.7630E-11
-9.3341E-11	1.4561E-11
-9.3240E-11	1.4231E-11
-9.3139E-11	1.4199E-11
-9.3038E-11	1.5564E-11
-9.2938E-11	1.5237E-11
-9.2837E-11	1.4458E-11
-9.2736E-11	1.4815E-11
-9.2635E-11	1.3821E-11
-9.2534E-11	1.6632E-11
-9.2434E-11	1.6048E-11
-9.2333E-11	1.8995E-11
-9.2232E-11	1.6129E-11
-9.2131E-11	2.4829E-11
-9.2030E-11	1.3263E-11
-9.1930E-11	9.5520E-12
-9.1829E-11	1.4847E-11
-9.1728E-11	1.5109E-11
-9.1627E-11	2.0440E-11
-9.1526E-11	1.6303E-11
-9.1426E-11	1.3719E-11
-9.1325E-11	2.1650E-11
-9.1224E-11	1.7177E-11
-9.1123E-11	1.2339E-11
-9.1022E-11	5.3968E-12
-9.0922E-11	9.9412E-12
-9.0821E-11	1.0382E-11
-9.0720E-11	1.5517E-11
-9.0619E-11	1.1258E-11
-9.0518E-11	1.2387E-11
-9.0418E-11	1.2851E-11
-9.0317E-11	2.4894E-11
-9.0216E-11	1.1125E-11
-9.0115E-11	1.8732E-11
-9.0014E-11	2.2744E-11
-8.9914E-11	5.9479E-12
-8.9813E-11	6.6623E-12
-8.9712E-11	2.3380E-11
-8.9611E-11	1.0855E-11
-8.9510E-11	1.3655E-11
-8.9410E-11	1.7242E-11
-8.9309E-11	2.2325E-11
-8.9208E-11	1.2287E-11
-8.9107E-11	1.2218E-11
-8.9006E-11	1.6639E-11
-8.8906E-11	1.8813E-11
-8.8805E-11	1.5143E-11
-8.8704E-11	1.7682E-11
-8.8603E-11	1.0502E-11
-8.8502E-11	1.3243E-11
-8.8402E-11	1.4671E-11
-8.8301E-11	1.2128E-11
-8.8200E-11	7.1253E-12
-8.8099E-11	1.2731E-11
-8.7998E-11	1.7241E-11
-8.7898E-11	1.5414E-11
-8.7797E-11	1.7014E-11
-8.7696E-11	1.3993E-11
-8.7595E-11	1.5288E-11
-8.7494E-11	8.7227E-12
-8.7394E-11	9.0367E-12
-8.7293E-11	5.5055E-12
-8.7192E-11	8.7271E-12
-8.7091E-11	1.2554E-11
-8.6990E-11	1.2663E-11
-8.6890E-11	2.5323E-11
-8.6789E-11	1.4887E-11
-8.6688E-11	1.7834E-11
-8.6587E-11	1.1748E-11
-8.6486E-11	2.2562E-11
-8.6386E-11	1.7312E-11
-8.6285E-11	9.0450E-12
-8.6184E-11	7.5493E-12
-8.6083E-11	2.7750E-11
-8.5982E-11	9.9243E-12
-8.5882E-11	1.1338E-11
-8.5781E-11	8.9275E-12
-8.5680E-11	1.1698E-11
-8.5579E-11	1.8436E-11
-8.5478E-11	8.3672E-12
-8.5378E-11	1.2548E-11
-8.5277E-11	1.2499E-11
-8.5176E-11	9.0504E-12
-8.5075E-11	1.8133E-11
-8.4974E-11	1.4536E-11
-8.4874E-11	1.4442E-11
-8.4773E-11	1.7434E-11
-8.4672E-11	2.0443E-11
-8.4571E-11	1.7183E-11
-8.4470E-11	1.1338E-11
-8.4370E-11	8.6388E-12
-8.4269E-11	1.6231E-11
-8.4168E-11	2.1473E-11
-8.4067E-11	2.7212E-11
-8.3966E-11	1.2171E-11
-8.3866E-11	7.8529E-12
-8.3765E-11	1.1907E-11
-8.3664E-11	1.3428E-11
-8.3563E-11	9.8145E-12
-8.3462E-11	1.1151E-11
-8.3362E-11	2.2959E-11
-8.3261E-11	2.3130E-11
-8.3160E-11	1.0282E-11
-8.3059E-11	1.1414E-11
-8.2958E-11	1.9281E-11
-8.2858E-11	1.1247E-11
-8.2757E-11	1.0327E-11
-8.2656E-11	1.0547E-11
-8.2555E-11	9.8281E-12
-8.2454E-11	2.2788E-11
-8.2354E-11	1.2208E-11
-8.2253E-11	1.6021E-11
-8.2152E-11	1.9428E-11
-8.2051E-11	2.2686E-11
-8.1950E-11	1.3580E-11
-8.1850E-11	6.9364E-12
-8.1749E-11	1.2673E-11
-8.1648E-11	1.0581E-11
-8.1547E-11	8.2940E-12
-8.1446E-11	9.4265E-12
-8.1346E-11	1.0552E-11
-8.1245E-11	7.2174E-12
-8.1144E-11	1.4313E-11
-8.1043E-11	1.4630E-11
-8.0942E-11	7.4790E-12
-8.0842E-11	1.0627E-11
-8.0741E-11	7.3253E-12
-8.0640E-11	1.2556E-11
-8.0539E-11	1.7398E-11
-8.0438E-11	1.3145E-11
-8.0338E-11	2.0232E-11
-8.0237E-11	1.1889E-11
-8.0136E-11	1.3081E-11
-8.0035E-11	1.0816E-11
-7.9934E-11	1.1924E-11
-7.9834E-11	1.4911E-11
-7.9733E-11	1.6617E-11
-7.9632E-11	8.1650E-12
-7.9531E-11	1.1963E-11
-7.9430E-11	1.4628E-11
-7.9330E-11	1.7979E-11
-7.9229E-11	7.6198E-12
-7.9128E-11	8.9123E-12
-7.9027E-11	1.3650E-11
-7.8926E-11	1.7400E-11
-7.8826E-11	1.4479E-11
-7.8725E-11	1.6525E-11
-7.8624E-11	1.7699E-11
-7.8523E-11	1.5259E-11
-7.8422E-11	1.4974E-11
-7.8322E-11	1.6593E-11
-7.8221E-11	1.9492E-11
-7.8120E-11	1.2620E-11
-7.8019E-11	1.2196E-11
-7.7918E-11	2.2452E-11
-7.7818E-11	1.1320E-11
-7.7717E-11	1.1219E-11
-7.7616E-11	1.4832E-11
-7.7515E-11	1.6995E-11
-7.7414E-11	2.2216E-11
-7.7314E-11	1.5636E-11
-7.7213E-11	9.0525E-12
-7.7112E-11	1.6906E-11
-7.7011E-11	9.1108E-12
-7.6910E-11	1.5563E-11
-7.6810E-11	1.6896E-11
-7.6709E-11	1.2788E-11
-7.6608E-11	1.3394E-11
-7.6507E-11	9.7756E-12
-7.6406E-11	2.0463E-11
-7.6306E-11	2.1793E-11
-7.6205E-11	1.4717E-11
-7.6104E-11	2.3034E-11
-7.6003E-11	1.2703E-11
-7.5902E-11	1.2965E-11
-7.5802E-11	1.4703E-11
-7.5701E-11	1.4777E-11
-7.5600E-11	1.5478E-11
-7.5499E-11	8.7633E-12
-7.5398E-11	1.6232E-11
-7.5298E-11	1.1702E-11
-7.5197E-11	9.8288E-12
-7.5096E-11	1.5175E-11
-7.4995E-11	2.1358E-11
-7.4894E-11	9.4300E-12
-7.4794E-11	1.5867E-11
-7.4693E-11	2.0464E-11
-7.4592E-11	1.9784E-11
-7.4491E-11	1.0411E-11
-7.4390E-11	1.7078E-11
-7.4290E-11	1.2939E-11
-7.4189E-11	1.6880E-11
-7.4088E-11	2.3100E-11
-7.3987E-11	1.2932E-11
-7.3886E-11	1.1842E-11
-7.3786E-11	2.0329E-11
-7.3685E-11	1.1288E-11
-7.3584E-11	1.4854E-11
-7.3483E-11	1.2232E-11
-7.3382E-11	2.3760E-11
-7.3282E-11	1.6071E-11
-7.3181E-11	1.2522E-11
-7.3080E-11	1.1270E-11
-7.2979E-11	9.3158E-12
-7.2878E-11	6.1409E-12
-7.2778E-11	1.2088E-11
-7.2677E-11	2.1753E-11
-7.2576E-11	1.4723E-11
-7.2475E-11	2.7017E-11
-7.2374E-11	1.1444E-11
-7.2274E-11	1.3572E-11
-7.2173E-11	1.3697E-11
-7.2072E-11	1.1166E-11
-7.1971E-11	1.2780E-11
-7.1870E-11	1.4979E-11
-7.1770E-11	2.3500E-11
-7.1669E-11	6.2524E-12
-7.1568E-11	1.6132E-11
-7.1467E-11	1.1738E-11
-7.1366E-11	1.3047E-11
-7.1266E-11	9.2945E-12
-7.1165E-11	1.6461E-11
-7.1064E-11	9.5822E-12
-7.0963E-11	1.2520E-11
-7.0862E-11	1.0610E-11
-7.0762E-11	1.1064E-11
-7.0661E-11	1.6888E-11
-7.0560E-11	1.9740E-11
-7.0459E-11	1.7465E-11
-7.0358E-11	1.5280E-11
-7.0258E-11	1.1832E-11
-7.0157E-11	1.2632E-11
-7.0056E-11	1.7144E-11
-6.9955E-11	1.8190E-11
-6.9854E-11	1.5884E-11
-6.9754E-11	6.2754E-12
-6.9653E-11	1.2273E-11
-6.9552E-11	2.1112E-11
-6.9451E-11	2.2831E-11
-6.9350E-11	1.4018E-11
-6.9250E-11	2.6965E-11
-6.9149E-11	6.9542E-12
-6.9048E-11	8.1402E-12
-6.8947E-11	8.4706E-12
-6.8846E-11	1.3403E-11
-6.8746E-11	1.1855E-11
-6.8645E-11	1.9390E-11
-6.8544E-11	8.5724E-12
-6.8443E-11	1.8630E-11
-6.8342E-11	2.0841E-11
-6.8242E-11	1.1105E-11
-6.8141E-11	6.5194E-12
-6.8040E-11	1.2111E-11
-6.7939E-11	1.2748E-11
-6.7838E-11	1.2734E-11
-6.7738E-11	1.4906E-11
-6.7637E-11	9.5862E-12
-6.7536E-11	1.1300E-11
-6.7435E-11	1.8390E-11
-6.7334E-11	1.0743E-11
-6.7234E-11	1.2207E-11
-6.7133E-11	7.9214E-12
-6.7032E-11	7.9142E-12
-6.6931E-11	1.7400E-11
-6.6830E-11	1.9829E-11
-6.6730E-11	1.6318E-11
-6.6629E-11	1.5570E-11
-6.6528E-11	1.7129E-11
-6.6427E-11	9.0511E-12
-6.6326E-11	8.3958E-12
-6.6226E-11	1.3466E-11
-6.6125E-11	1.6695E-11
-6.6024E-11	2.0699E-11
-6.5923E-11	2.0550E-11
-6.5822E-11	1.5661E-11
-6.5722E-11	1.9052E-11
-6.5621E-11	1.0585E-11
-6.5520E-11	1.3867E-11
-6.5419E-11	1.2157E-11
-6.5318E-11	1.2355E-11
-6.5218E-11	1.0586E-11
-6.5117E-11	8.4417E-12
-6.5016E-11	1.2360E-11
-6.4915E-11	1.3192E-11
-6.4814E-11	1.7145E-11
-6.4714E-11	9.7557E-12
-6.4613E-11	1.0630E-11
-6.4512E-11	1.4174E-11
-6.4411E-11	1.1163E-11
-6.4310E-11	1.5213E-11
-6.4210E-11	1.3951E-11
-6.4109E-11	1.2909E-11
-6.4008E-11	8.2863E-12
-6.3907E-11	1.6734E-11
-6.3806E-11	1.6798E-11
-6.3706E-11	1.9133E-11
-6.3605E-11	1.1884E-11
-6.3504E-11	1.9202E-11
-6.3403E-11	1.5706E-11
-6.3302E-11	1.9707E-11
-6.3202E-11	1.4480E-11
-6.3101E-11	1.3785E-11
-6.3000E-11	1.5655E-11
-6.2899E-11	2.0281E-11
-6.2798E-11	7.7532E-12
-6.2698E-11	1.5073E-11
-6.2597E-11	1.1448E-11
-6.2496E-11	1.0005E-11
-6.2395E-11	9.4928E-12
-6.2294E-11	9.1067E-12
-6.2194E-11	1.6563E-11
-6.2093E-11	2.3135E-11
-6.1992E-11	9.1812E-12
-6.1891E-11	5.9169E-12
-6.1790E-11	5.8510E-12
-6.1690E-11	1.3583E-11
-6.1589E-11	1.5369E-11
-6.1488E-11	1.5112E-11
-6.1387E-11	6.1821E-12
-6.1286E-11	1.5026E-11
-6.1186E-11	1.8474E-11
-6.1085E-11	9.3456E-12
-6.0984E-11	9.6220E-12
-6.0883E-11	1.2494E-11
-6.0782E-11	8.7106E-12
-6.0682E-11	1.1833E-11
-6.0581E-11	1.4831E-11
-6.0480E-11	1.1610E-11
-6.0379E-11	1.6098E-11
-6.0278E-11	8.8791E-12
-6.0178E-11	1.1918E-11
-6.0077E-11	1.3574E-11
-5.9976E-11	1.3626E-11
-5.9875E-11	8.5057E-12
-5.9774E-11	1.6122E-11
-5.9674E-11	8.4382E-12
-5.9573E-11	7.5610E-12
-5.9472E-11	1.6664E-11
-5.9371E-11	5.2533E-12
-5.9270E-11	1.3317E-11
-5.9170E-11	8.1155E-12
-5.9069E-11	1.2182E-11
-5.8968E-11	8.8692E-12
-5.8867E-11	1.3763E-11
-5.8766E-11	7.6105E-12
-5.8666E-11	1.3921E-11
-5.8565E-11	1.3152E-11
-5.8464E-11	1.4898E-11
-5.8363E-11	9.2891E-12
-5.8262E-11	8.2937E-12
-5.8162E-11	1.0907E-11
-5.8061E-11	6.9669E-12
-5.7960E-11	1.0111E-11
-5.7859E-11	9.5002E-12
-5.7758E-11	7.1605E-12
-5.7658E-11	1.6013E-11
-5.7557E-11	1.6376E-11
-5.7456E-11	9.5339E-12
-5.7355E-11	1.5009E-11
-5.7254E-11	1.5094E-11
-5.7154E-11	1.3791E-11
-5.7053E-11	1.4398E-11
-5.6952E-11	1.9260E-11
-5.6851E-11	1.7983E-11
-5.6750E-11	1.0441E-11
-5.6650E-11	1.5239E-11
-5.6549E-11	2.1522E-11
-5.6448E-11	1.5541E-11
-5.6347E-11	1.1834E-11
-5.6246E-11	1.3080E-11
-5.6146E-11	1.5120E-11
-5.6045E-11	1.9824E-11
-5.5944E-11	1.8063E-11
-5.5843E-11	8.4453E-12
-5.5742E-11	1.0160E-11
-5.5642E-11	2.0015E-11
-5.5541E-11	1.9808E-11
-5.5440E-11	1.3822E-11
-5.5339E-11	8.9112E-12
-5.5238E-11	1.7602E-11
-5.5138E-11	1.0435E-11
-5.5037E-11	2.0024E-11
-5.4936E-11	1.5995E-11
-5.4835E-11	8.4648E-12
-5.4734E-11	2.9997E-11
-5.4634E-11	6.6390E-12
-5.4533E-11	1.0192E-11
-5.4432E-11	1.4019E-11
-5.4331E-11	1.6845E-11
-5.4230E-11	9.6284E-12
-5.4130E-11	1.0635E-11
-5.4029E-11	1.2663E-11
-5.3928E-11	5.8053E-12
-5.3827E-11	8.9303E-12
-5.3726E-11	1.7053E-11
-5.3626E-11	1.1960E-11
-5.3525E-11	1.4737E-11
-5.3424E-11	7.7560E-12
-5.3323E-11	1.0434E-11
-5.3222E-11	8.7432E-12
-5.3122E-11	1.8677E-11
-5.3021E-11	1.3293E-11
-5.2920E-11	1.3479E-11
-5.2819E-11	2.2239E-11
-5.2718E-11	2.0099E-11
-5.2618E-11	1.4218E-11
-5.2517E-11	1.4170E-11
-5.2416E-11	1.0493E-11
-5.2315E-11	1.1662E-11
-5.2214E-11	2.2685E-11
-5.2114E-11	3.0400E-11
-5.2013E-11	1.1505E-11
-5.1912E-11	3.0188E-11
-5.1811E-11	2.9919E-11
-5.1710E-11	1.5390E-11
-5.1610E-11	1.2066E-11
-5.1509E-11	2.2163E-11
-5.1408E-11	1.8240E-11
-5.1307E-11	1.8729E-11
-5.1206E-11	2.1927E-11
-5.1106E-11	3.7758E-11
-5.1005E-11	2.0231E-11
-5.0904E-11	1.8142E-11
-5.0803E-11	2.3395E-11
-5.0702E-11	2.4038E-11
-5.0602E-11	2.9072E-11
-5.0501E-11	1.2835E-11
-5.0400E-11	1.6553E-11
-5.0299E-11	1.3170E-11
-5.0198E-11	1.5313E-11
-5.0098E-11	1.9366E-11
-4.9997E-11	1.0405E-11
-4.9896E-11	2.1925E-11
-4.9795E-11	2.0305E-11
-4.9694E-11	2.5983E-11
-4.9594E-11	2.9645E-11
-4.9493E-11	2.2467E-11
-4.9392E-11	1.4071E-11
-4.9291E-11	2.3938E-11
-4.9190E-11	3.1650E-11
-4.9090E-11	2.1144E-11
-4.8989E-11	1.5174E-11
-4.8888E-11	2.8152E-11
-4.8787E-11	2.4518E-11
-4.8686E-11	2.1018E-11
-4.8586E-11	1.4141E-11
-4.8485E-11	1.3495E-11
-4.8384E-11	1.9392E-11
-4.8283E-11	2.3277E-11
-4.8182E-11	1.4295E-11
-4.8082E-11	2.6582E-11
-4.7981E-11	2.6783E-11
-4.7880E-11	2.1617E-11
-4.7779E-11	1.9483E-11
-4.7678E-11	1.9771E-11
-4.7578E-11	1.3001E-11
-4.7477E-11	2.0732E-11
-4.7376E-11	2.0668E-11
-4.7275E-11	1.9579E-11
-4.7174E-11	9.8791E-12
-4.7074E-11	1.9312E-11
-4.6973E-11	1.8442E-11
-4.6872E-11	2.1608E-11
-4.6771E-11	2.1687E-11
-4.6670E-11	1.1337E-11
-4.6570E-11	2.0182E-11
-4.6469E-11	6.7944E-12
-4.6368E-11	1.4324E-11
-4.6267E-11	1.6365E-11
-4.6166E-11	2.2068E-11
-4.6066E-11	2.1361E-11
-4.5965E-11	1.8741E-11
-4.5864E-11	2.6972E-11
-4.5763E-11	2.0825E-11
-4.5662E-11	1.5289E-11
-4.5562E-11	1.4475E-11
-4.5461E-11	3.2746E-11
-4.5360E-11	1.5556E-11
-4.5259E-11	1.0866E-11
-4.5158E-11	1.4395E-11
-4.5058E-11	1.4370E-11
-4.4957E-11	2.1217E-11
-4.4856E-11	1.7334E-11
-4.4755E-11	1.0323E-11
-4.4654E-11	1.1443E-11
-4.4554E-11	1.6167E-11
-4.4453E-11	1.5098E-11
-4.4352E-11	1.6100E-11
-4.4251E-11	1.6864E-11
-4.4150E-11	1.8462E-11
-4.4050E-11	1.1215E-11
-4.3949E-11	1.9434E-11
-4.3848E-11	1.6771E-11
-4.3747E-11	1.4093E-11
-4.3646E-11	1.6058E-11
-4.3546E-11	2.8248E-11
-4.3445E-11	1.4208E-11
-4.3344E-11	2.1698E-11
-4.3243E-11	1.3415E-11
-4.3142E-11	1.2958E-11
-4.3042E-11	1.7780E-11
-4.2941E-11	8.1765E-12
-4.2840E-11	9.7876E-12
-4.2739E-11	1.5831E-11
-4.2638E-11	6.6804E-12
-4.2538E-11	1.7213E-11
-4.2437E-11	1.0712E-11
-4.2336E-11	1.5623E-11
-4.2235E-11	1.5811E-11
-4.2134E-11	1.0730E-11
-4.2034E-11	1.0637E-11
-4.1933E-11	1.5643E-11
-4.1832E-11	9.1455E-12
-4.1731E-11	1.2810E-11
-4.1630E-11	1.0959E-11
-4.1530E-11	1.2124E-11
-4.1429E-11	9.4388E-12
-4.1328E-11	8.5457E-12
-4.1227E-11	1.2145E-11
-4.1126E-11	1.7674E-11
-4.1026E-11	1.0465E-11
-4.0925E-11	2.2209E-11
-4.0824E-11	1.6446E-11
-4.0723E-11	2.2282E-11
-4.0622E-11	2.3273E-11
-4.0522E-11	1.8164E-11
-4.0421E-11	2.2056E-11
-4.0320E-11	1.0257E-11
-4.0219E-11	1.5805E-11
-4.0118E-11	1.7881E-11
-4.0018E-11	9.8394E-12
-3.9917E-11	1.4250E-11
-3.9816E-11	1.5420E-11
-3.9715E-11	2.1755E-11
-3.9614E-11	1.6076E-11
-3.9514E-11	2.2457E-11
-3.9413E-11	2.5833E-11
-3.9312E-11	8.6874E-12
-3.9211E-11	1.7733E-11
-3.9110E-11	1.9063E-11
-3.9010E-11	1.0848E-11
-3.8909E-11	1.8054E-11
-3.8808E-11	1.9030E-11
-3.8707E-11	3.8517E-11
-3.8606E-11	2.1851E-11
-3.8506E-11	3.9065E-11
-3.8405E-11	2.6646E-11
-3.8304E-11	1.4488E-11
-3.8203E-11	1.2969E-11
-3.8102E-11	2.0560E-11
-3.8002E-11	3.3820E-11
-3.7901E-11	3.0095E-11
-3.7800E-11	5.0373E-11
-3.7699E-11	4.0017E-11
-3.7598E-11	4.9771E-11
-3.7498E-11	6.3876E-11
-3.7397E-11	5.5451E-11
-3.7296E-11	6.1887E-11
-3.7195E-11	3.5107E-11
-3.7094E-11	4.5318E-11
-3.6994E-11	5.2110E-11
-3.6893E-11	4.3783E-11
-3.6792E-11	2.6118E-11
-3.6691E-11	3.5309E-11
-3.6590E-11	2.1912E-11
-3.6490E-11	2.8271E-11
-3.6389E-11	3.7479E-11
-3.6288E-11	3.1692E-11
-3.6187E-11	2.6991E-11
-3.6086E-11	3.5485E-11
-3.5986E-11	3.2178E-11
-3.5885E-11	2.0765E-11
-3.5784E-11	2.2870E-11
-3.5683E-11	1.6504E-11
-3.5582E-11	2.0385E-11
-3.5482E-11	2.3500E-11
-3.5381E-11	2.3408E-11
-3.5280E-11	1.5205E-11
-3.5179E-11	1.3639E-11
-3.5078E-11	9.6099E-12
-3.4978E-11	2.3178E-11
-3.4877E-11	1.5412E-11
-3.4776E-11	2.0114E-11
-3.4675E-11	1.3811E-11
-3.4574E-11	7.6668E-12
-3.4474E-11	1.5391E-11
-3.4373E-11	2.1765E-11
-3.4272E-11	2.4320E-11
-3.4171E-11	9.1234E-12
-3.4070E-11	1.4275E-11
-3.3970E-11	1.1235E-11
-3.3869E-11	1.5162E-11
-3.3768E-11	8.3402E-12
-3.3667E-11	1.4935E-11
-3.3566E-11	1.5903E-11
-3.3466E-11	1.6692E-11
-3.3365E-11	1.9707E-11
-3.3264E-11	1.4005E-11
-3.3163E-11	2.6510E-11
-3.3062E-11	1.9428E-11
-3.2962E-11	2.5858E-11
-3.2861E-11	1.9885E-11
-3.2760E-11	1.9459E-11
-3.2659E-11	2.1498E-11
-3.2558E-11	6.1054E-12
-3.2458E-11	1.7463E-11
-3.2357E-11	4.5242E-11
-3.2256E-11	2.6203E-11
-3.2155E-11	2.9706E-11
-3.2054E-11	3.0066E-11
-3.1954E-11	2.3698E-11
-3.1853E-11	3.7313E-11
-3.1752E-11	2.2322E-11
-3.1651E-11	1.9291E-11
-3.1550E-11	1.7549E-11
-3.1450E-11	2.8193E-11
-3.1349E-11	1.4487E-11
-3.1248E-11	2.6527E-11
-3.1147E-11	2.6051E-11
-3.1046E-11	2.6576E-11
-3.0946E-11	2.1953E-11
-3.0845E-11	1.4819E-11
-3.0744E-11	1.6977E-11
-3.0643E-11	2.6972E-11
-3.0542E-11	1.7392E-11
-3.0442E-11	1.7375E-11
-3.0341E-11	1.5472E-11
-3.0240E-11	9.9230E-12
-3.0139E-11	2.0392E-11
-3.0038E-11	2.0958E-11
-2.9938E-11	1.6655E-11
-2.9837E-11	2.3970E-11
-2.9736E-11	3.1567E-11
-2.9635E-11	4.7554E-11
-2.9534E-11	4.2306E-11
-2.9434E-11	1.7519E-11
-2.9333E-11	5.1518E-11
-2.9232E-11	8.1885E-11
-2.9131E-11	1.8632E-10
-2.9030E-11	6.1431E-10
-2.8930E-11	2.3974E-9
-2.8829E-11	6.6024E-9
-2.8728E-11	1.1611E-8
-2.8627E-11	1.8643E-8
-2.8526E-11	2.8763E-8
-2.8426E-11	4.1893E-8
-2.8325E-11	4.7413E-8
-2.8224E-11	5.9692E-8
-2.8123E-11	7.4158E-8
-2.8022E-11	8.6042E-8
-2.7922E-11	8.3042E-8
-2.7821E-11	9.5787E-8
-2.7720E-11	1.0782E-7
-2.7619E-11	1.0472E-7
-2.7518E-11	1.1050E-7
-2.7418E-11	1.0619E-7
-2.7317E-11	1.4739E-7
-2.7216E-11	2.0902E-7
-2.7115E-11	1.8559E-7
-2.7014E-11	2.0124E-7
-2.6914E-11	1.9102E-7
-2.6813E-11	1.7745E-7
-2.6712E-11	1.5692E-7
-2.6611E-11	1.3222E-7
-2.6510E-11	1.2231E-7
-2.6410E-11	1.0751E-7
-2.6309E-11	9.8236E-8
-2.6208E-11	9.2266E-8
-2.6107E-11	7.8307E-8
-2.6006E-11	6.4708E-8
-2.5906E-11	5.5548E-8
-2.5805E-11	5.1397E-8
-2.5704E-11	4.3975E-8
-2.5603E-11	3.9822E-8
-2.5502E-11	3.7110E-8
-2.5402E-11	3.5139E-8
-2.5301E-11	3.4513E-8
-2.5200E-11	3.1779E-8
-2.5099E-11	3.0110E-8
-2.4998E-11	2.9052E-8
-2.4898E-11	2.7752E-8
-2.4797E-11	2.6742E-8
-2.4696E-11	2.3004E-8
-2.4595E-11	2.1157E-8
-2.4494E-11	1.9283E-8
-2.4394E-11	1.6196E-8
-2.4293E-11	1.4348E-8
-2.4192E-11	1.2443E-8
-2.4091E-11	1.0171E-8
-2.3990E-11	8.8807E-9
-2.3890E-11	8.1098E-9
-2.3789E-11	7.7459E-9
-2.3688E-11	6.7936E-9
-2.3587E-11	6.5832E-9
-2.3486E-11	5.9477E-9
-2.3386E-11	6.0530E-9
-2.3285E-11	5.5543E-9
-2.3184E-11	4.2815E-9
-2.3083E-11	3.8492E-9
-2.2982E-11	3.4713E-9
-2.2882E-11	3.0923E-9
-2.2781E-11	2.8455E-9
-2.2680E-11	2.6878E-9
-2.2579E-11	2.6410E-9
-2.2478E-11	2.0886E-9
-2.2378E-11	1.7826E-9
-2.2277E-11	1.6862E-9
-2.2176E-11	1.5233E-9
-2.2075E-11	1.3881E-9
-2.1974E-11	1.2533E-9
-2.1874E-11	1.1717E-9
-2.1773E-11	1.1000E-9
-2.1672E-11	9.9141E-10
-2.1571E-11	9.1441E-10
-2.1470E-11	8.9488E-10
-2.1370E-11	6.8295E-10
-2.1269E-11	5.6618E-10
-2.1168E-11	5.3236E-10
-2.1067E-11	5.1105E-10
-2.0966E-11	3.7590E-10
-2.0866E-11	3.1480E-10
-2.0765E-11	2.5012E-10
-2.0664E-11	1.7931E-10
-2.0563E-11	1.3071E-10
-2.0462E-11	1.3675E-10
-2.0362E-11	8.4562E-11
-2.0261E-11	7.2053E-11
-2.0160E-11	4.4762E-11
-2.0059E-11	2.6540E-11
-1.9958E-11	2.9158E-11
-1.9858E-11	2.8156E-11
-1.9757E-11	2.7101E-11
-1.9656E-11	1.4042E-11
-1.9555E-11	1.9373E-11
-1.9454E-11	2.0759E-11
-1.9354E-11	1.9422E-11
-1.9253E-11	1.6802E-11
-1.9152E-11	3.0216E-11
-1.9051E-11	2.6501E-11
-1.8950E-11	2.5743E-11
-1.8850E-11	2.9236E-11
-1.8749E-11	1.2035E-11
-1.8648E-11	1.6693E-11
-1.8547E-11	3.3755E-11
-1.8446E-11	3.5755E-11
-1.8346E-11	1.7819E-11
-1.8245E-11	3.6774E-11
-1.8144E-11	4.3581E-11
-1.8043E-11	2.7838E-11
-1.7942E-11	4.7433E-11
-1.7842E-11	6.9689E-11
-1.7741E-11	5.3981E-11
-1.7640E-11	6.0983E-11
-1.7539E-11	8.9707E-11
-1.7438E-11	5.9899E-11
-1.7338E-11	9.5407E-11
-1.7237E-11	5.5779E-11
-1.7136E-11	8.0811E-11
-1.7035E-11	8.9253E-11
-1.6934E-11	8.9092E-11
-1.6834E-11	1.0161E-10
-1.6733E-11	1.0778E-10
-1.6632E-11	1.5706E-10
-1.6531E-11	1.2692E-10
-1.6430E-11	1.1252E-10
-1.6330E-11	1.0625E-10
-1.6229E-11	1.0074E-10
-1.6128E-11	7.8465E-11
-1.6027E-11	7.4561E-11
-1.5926E-11	6.8944E-11
-1.5826E-11	9.4121E-11
-1.5725E-11	7.7451E-11
-1.5624E-11	5.8478E-11
-1.5523E-11	5.8873E-11
-1.5422E-11	6.5827E-11
-1.5322E-11	3.9984E-11
-1.5221E-11	4.6383E-11
-1.5120E-11	3.0499E-11
-1.5019E-11	3.0459E-11
-1.4918E-11	4.5060E-11
-1.4818E-11	4.4843E-11
-1.4717E-11	2.6708E-11
-1.4616E-11	2.9906E-11
-1.4515E-11	3.2521E-11
-1.4414E-11	4.5907E-11
-1.4314E-11	3.7163E-11
-1.4213E-11	3.6519E-11
-1.4112E-11	2.3955E-11
-1.4011E-11	3.8105E-11
-1.3910E-11	2.6078E-11
-1.3810E-11	2.5761E-11
-1.3709E-11	2.9932E-11
-1.3608E-11	2.9896E-11
-1.3507E-11	2.0726E-11
-1.3406E-11	3.0765E-11
-1.3306E-11	3.8425E-11
-1.3205E-11	2.2357E-11
-1.3104E-11	3.4640E-11
-1.3003E-11	2.4535E-11
-1.2902E-11	3.7207E-11
-1.2802E-11	3.1314E-11
-1.2701E-11	2.5900E-11
-1.2600E-11	2.2108E-11
-1.2499E-11	2.9835E-11
-1.2398E-11	2.8334E-11
-1.2298E-11	3.8771E-11
-1.2197E-11	4.6395E-11
-1.2096E-11	3.3894E-11
-1.1995E-11	4.7758E-11
-1.1894E-11	6.6004E-11
-1.1794E-11	8.2650E-11
-1.1693E-11	1.6919E-10
-1.1592E-11	3.1242E-10
-1.1491E-11	4.8069E-10
-1.1390E-11	1.1969E-9
-1.1290E-11	2.4839E-9
-1.1189E-11	5.2373E-9
-1.1088E-11	6.6040E-9
-1.0987E-11	1.1587E-8
-1.0886E-11	1.5802E-8
-1.0786E-11	2.5675E-8
-1.0685E-11	3.6825E-8
-1.0584E-11	5.4086E-8
-1.0483E-11	5.7009E-8
-1.0382E-11	6.5723E-8
-1.0282E-11	5.9818E-8
-1.0181E-11	5.8511E-8
-1.0080E-11	5.1568E-8
-9.9792E-12	3.9822E-8
-9.8784E-12	3.5677E-8
-9.7776E-12	2.9461E-8
-9.6768E-12	2.4860E-8
-9.5760E-12	2.0176E-8
-9.4752E-12	1.3938E-8
-9.3744E-12	1.0050E-8
-9.2736E-12	6.9582E-9
-9.1728E-12	5.7429E-9
-9.0720E-12	4.5437E-9
-8.9712E-12	3.8268E-9
-8.8704E-12	2.9664E-9
-8.7696E-12	2.5702E-9
-8.6688E-12	2.4525E-9
-8.5680E-12	2.0635E-9
-8.4672E-12	1.9503E-9
-8.3664E-12	1.6833E-9
-8.2656E-12	1.5037E-9
-8.1648E-12	1.3209E-9
-8.0640E-12	9.6838E-10
-7.9632E-12	7.9467E-10
-7.8624E-12	6.1771E-10
-7.7616E-12	4.2454E-10
-7.6608E-12	3.1442E-10
-7.5600E-12	2.0840E-10
-7.4592E-12	1.8183E-10
-7.3584E-12	1.0383E-10
-7.2576E-12	1.2135E-10
-7.1568E-12	8.5723E-11
-7.0560E-12	6.7387E-11
-6.9552E-12	6.3542E-11
-6.8544E-12	5.4853E-11
-6.7536E-12	7.1793E-11
-6.6528E-12	6.1215E-11
-6.5520E-12	1.2049E-10
-6.4512E-12	1.3025E-10
-6.3504E-12	2.3345E-10
-6.2496E-12	3.2271E-10
-6.1488E-12	3.9092E-10
-6.0480E-12	6.8905E-10
-5.9472E-12	9.3658E-10
-5.8464E-12	1.7264E-9
-5.7456E-12	3.8335E-9
-5.6448E-12	7.6116E-9
-5.5440E-12	9.5687E-9
-5.4432E-12	1.6047E-8
-5.3424E-12	1.8698E-8
-5.2416E-12	2.3761E-8
-5.1408E-12	2.1941E-8
-5.0400E-12	2.0986E-8
-4.9392E-12	1.4188E-8
-4.8384E-12	9.6397E-9
-4.7376E-12	6.7492E-9
-4.6368E-12	4.8826E-9
-4.5360E-12	3.8665E-9
-4.4352E-12	3.2546E-9
-4.3344E-12	2.9727E-9
-4.2336E-12	2.3635E-9
-4.1328E-12	2.0708E-9
-4.0320E-12	1.4806E-9
-3.9312E-12	1.2931E-9
-3.8304E-12	9.2260E-10
-3.7296E-12	7.7221E-10
-3.6288E-12	7.9700E-10
-3.5280E-12	8.4611E-10
-3.4272E-12	9.8851E-10
-3.3264E-12	8.4561E-10
-3.2256E-12	8.5225E-10
-3.1248E-12	7.4023E-10
-3.0240E-12	5.9942E-10
-2.9232E-12	7.5495E-10
-2.8224E-12	9.9143E-10
-2.7216E-12	1.4550E-9
-2.6208E-12	2.1697E-9
-2.5200E-12	3.8205E-9
-2.4192E-12	6.8491E-9
-2.3184E-12	1.0694E-8
-2.2176E-12	1.7502E-8
-2.1168E-12	2.8091E-8
-2.0160E-12	5.1412E-8
-1.9152E-12	1.0762E-7
-1.8144E-12	2.4607E-7
-1.7136E-12	4.4720E-7
-1.6128E-12	7.2618E-7
-1.5120E-12	1.4490E-6
-1.4112E-12	2.0697E-6
-1.3104E-12	3.5156E-6
-1.2096E-12	6.1471E-6
-1.1088E-12	1.1526E-5
-1.0080E-12	1.9058E-5
-9.0720E-13	3.2160E-5
-8.0640E-13	5.4411E-5
-7.0560E-13	5.0608E-5
-6.0480E-13	8.1648E-5
-5.0400E-13	1.2185E-4
-4.0320E-13	1.6242E-4
-3.0240E-13	1.9297E-4
-2.0160E-13	2.3091E-4
-1.0080E-13	2.5585E-4
0.0000E+0	2.6870E-4
1.0080E-13	2.5988E-4
2.0160E-13	2.3355E-4
3.0240E-13	2.1053E-4
4.0320E-13	1.7393E-4
5.0400E-13	1.3887E-4
6.0480E-13	1.2002E-4
7.0560E-13	9.5389E-5
8.0640E-13	7.7109E-5
9.0720E-13	6.4094E-5
1.0080E-12	9.5391E-5
1.1088E-12	4.2123E-5
1.2096E-12	3.7113E-5
1.3104E-12	3.1835E-5
1.4112E-12	2.8026E-5
1.5120E-12	2.3962E-5
1.6128E-12	2.5576E-5
1.7136E-12	2.2750E-5
1.8144E-12	2.0645E-5
1.9152E-12	1.8576E-5
2.0160E-12	4.0429E-5
2.1168E-12	1.3609E-5
2.2176E-12	1.2585E-5
2.3184E-12	1.0516E-5
2.4192E-12	7.8273E-6
2.5200E-12	6.1538E-6
2.6208E-12	4.3685E-6
2.7216E-12	4.1174E-6
2.8224E-12	3.0028E-6
2.9232E-12	2.2165E-6
3.0240E-12	1.5771E-6
3.1248E-12	1.2233E-6
3.2256E-12	9.4716E-7
3.3264E-12	8.1003E-7
3.4272E-12	6.6298E-7
3.5280E-12	5.6361E-7
3.6288E-12	4.3873E-7
3.7296E-12	3.5595E-7
3.8304E-12	2.6231E-7
3.9312E-12	1.9475E-7
4.0320E-12	1.3941E-7
4.1328E-12	1.1391E-7
4.2336E-12	7.3641E-8
4.3344E-12	6.4558E-8
4.4352E-12	4.7379E-8
4.5360E-12	4.3282E-8
4.6368E-12	3.9076E-8
4.7376E-12	2.8513E-8
4.8384E-12	2.7068E-8
4.9392E-12	2.8000E-8
5.0400E-12	3.3509E-8
5.1408E-12	4.1315E-8
5.2416E-12	4.4395E-8
5.3424E-12	4.9031E-8
5.4432E-12	4.7383E-8
5.5440E-12	4.2966E-8
5.6448E-12	3.5870E-8
5.7456E-12	2.6750E-8
5.8464E-12	2.1124E-8
5.9472E-12	1.5210E-8
6.0480E-12	1.6132E-8
6.1488E-12	1.1924E-8
6.2496E-12	9.2825E-9
6.3504E-12	7.0488E-9
6.4512E-12	5.2431E-9
6.5520E-12	3.1183E-9
6.6528E-12	1.9686E-9
6.7536E-12	1.3859E-9
6.8544E-12	1.1419E-9
6.9552E-12	1.2344E-9
7.0560E-12	1.3563E-9
7.1568E-12	1.5106E-9
7.2576E-12	1.5109E-9
7.3584E-12	1.4848E-9
7.4592E-12	1.0212E-9
7.5600E-12	6.4748E-10
7.6608E-12	4.5211E-10
7.7616E-12	2.4379E-10
7.8624E-12	1.8702E-10
7.9632E-12	1.4181E-10
8.0640E-12	1.1284E-10
8.1648E-12	1.2077E-10
8.2656E-12	1.2133E-10
8.3664E-12	1.2211E-10
8.4672E-12	1.4110E-10
8.5680E-12	2.3988E-10
8.6688E-12	4.0449E-10
8.7696E-12	6.4696E-10
8.8704E-12	1.3830E-9
8.9712E-12	2.9819E-9
9.0720E-12	5.6940E-9
9.1728E-12	8.4277E-9
9.2736E-12	1.3820E-8
9.3744E-12	2.1997E-8
9.4752E-12	2.8879E-8
9.5760E-12	4.1496E-8
9.6768E-12	6.0295E-8
9.7776E-12	8.9627E-8
9.8784E-12	9.9145E-8
9.9792E-12	1.4003E-7
1.0080E-11	1.8152E-7
1.0181E-11	1.8724E-7
1.0282E-11	2.0666E-7
1.0382E-11	2.0792E-7
1.0483E-11	2.0053E-7
1.0584E-11	1.7263E-7
1.0685E-11	1.4835E-7
1.0786E-11	1.1360E-7
1.0886E-11	9.3905E-8
1.0987E-11	7.6799E-8
1.1088E-11	6.0213E-8
1.1189E-11	4.3066E-8
1.1290E-11	3.4110E-8
1.1390E-11	2.7764E-8
1.1491E-11	2.1999E-8
1.1592E-11	1.8391E-8
1.1693E-11	1.4857E-8
1.1794E-11	1.2454E-8
1.1894E-11	1.1023E-8
1.1995E-11	9.3140E-9
1.2096E-11	8.3331E-9
1.2197E-11	8.2919E-9
1.2298E-11	7.3543E-9
1.2398E-11	6.2800E-9
1.2499E-11	4.9612E-9
1.2600E-11	4.6718E-9
1.2701E-11	3.8046E-9
1.2802E-11	2.8160E-9
1.2902E-11	2.2068E-9
1.3003E-11	1.8326E-9
1.3104E-11	1.7045E-9
1.3205E-11	1.4787E-9
1.3306E-11	1.4772E-9
1.3406E-11	1.7270E-9
1.3507E-11	1.5584E-9
1.3608E-11	1.7392E-9
1.3709E-11	1.7384E-9
1.3810E-11	1.8447E-9
1.3910E-11	1.5368E-9
1.4011E-11	1.1217E-9
1.4112E-11	1.1538E-9
1.4213E-11	1.0658E-9
1.4314E-11	9.2980E-10
1.4414E-11	6.3237E-10
1.4515E-11	5.7453E-10
1.4616E-11	4.3688E-10
1.4717E-11	3.8285E-10
1.4818E-11	3.1826E-10
1.4918E-11	2.6982E-10
1.5019E-11	2.1332E-10
1.5120E-11	1.6740E-10
1.5221E-11	1.4153E-10
1.5322E-11	1.2564E-10
1.5422E-11	1.2640E-10
1.5523E-11	1.2580E-10
1.5624E-11	9.0492E-11
1.5725E-11	1.0480E-10
1.5826E-11	1.2326E-10
1.5926E-11	1.0436E-10
1.6027E-11	8.2217E-11
1.6128E-11	8.2688E-11
1.6229E-11	1.0982E-10
1.6330E-11	5.5557E-11
1.6430E-11	5.0438E-11
1.6531E-11	5.6526E-11
1.6632E-11	5.8753E-11
1.6733E-11	6.7941E-11
1.6834E-11	4.1504E-11
1.6934E-11	5.1013E-11
1.7035E-11	3.1727E-11
1.7136E-11	3.5470E-11
1.7237E-11	3.1158E-11
1.7338E-11	2.6548E-11
1.7438E-11	1.9694E-11
1.7539E-11	1.6277E-11
1.7640E-11	2.4325E-11
1.7741E-11	2.1773E-11
1.7842E-11	2.1220E-11
1.7942E-11	1.9740E-11
1.8043E-11	1.6246E-11
1.8144E-11	2.9657E-11
1.8245E-11	2.4868E-11
1.8346E-11	3.7584E-11
1.8446E-11	4.2433E-11
1.8547E-11	2.3069E-11
1.8648E-11	1.2323E-11
1.8749E-11	2.3068E-11
1.8850E-11	2.3235E-11
1.8950E-11	2.4449E-11
1.9051E-11	2.3495E-11
1.9152E-11	1.6185E-11
1.9253E-11	2.2988E-11
1.9354E-11	1.7088E-11
1.9454E-11	2.6245E-11
1.9555E-11	2.8299E-11
1.9656E-11	2.7554E-11
1.9757E-11	2.7029E-11
1.9858E-11	3.1912E-11
1.9958E-11	3.8253E-11
2.0059E-11	6.1469E-11
2.0160E-11	3.9869E-11
2.0261E-11	4.6223E-11
2.0362E-11	5.6935E-11
2.0462E-11	5.7237E-11
2.0563E-11	8.1875E-11
2.0664E-11	7.9260E-11
2.0765E-11	9.6298E-11
2.0866E-11	7.4574E-11
2.0966E-11	5.7309E-11
2.1067E-11	7.6699E-11
2.1168E-11	4.9061E-11
2.1269E-11	6.4488E-11
2.1370E-11	4.8843E-11
2.1470E-11	3.6782E-11
2.1571E-11	5.0406E-11
2.1672E-11	3.3120E-11
2.1773E-11	3.2987E-11
2.1874E-11	4.2457E-11
2.1974E-11	2.2395E-11
2.2075E-11	4.1027E-11
2.2176E-11	3.1067E-11
2.2277E-11	2.6836E-11
2.2378E-11	2.7260E-11
2.2478E-11	2.4875E-11
2.2579E-11	1.5228E-11
2.2680E-11	2.6991E-11
2.2781E-11	2.1896E-11
2.2882E-11	2.3111E-11
2.2982E-11	2.2214E-11
2.3083E-11	2.2515E-11
2.3184E-11	2.2982E-11
2.3285E-11	2.4014E-11
2.3386E-11	1.6128E-11
2.3486E-11	3.9380E-11
2.3587E-11	3.0451E-11
2.3688E-11	3.9024E-11
2.3789E-11	4.8845E-11
2.3890E-11	5.7068E-11
2.3990E-11	3.6908E-11
2.4091E-11	3.9394E-11
2.4192E-11	3.0750E-11
2.4293E-11	6.2806E-11
2.4394E-11	4.1212E-11
2.4494E-11	6.0247E-11
2.4595E-11	6.4615E-11
2.4696E-11	9.4163E-11
2.4797E-11	1.4961E-10
2.4898E-11	1.4723E-10
2.4998E-11	1.6809E-10
2.5099E-11	1.8737E-10
2.5200E-11	1.9838E-10
2.5301E-11	2.7555E-10
2.5402E-11	3.1666E-10
2.5502E-11	5.9128E-10
2.5603E-11	8.0688E-10
2.5704E-11	1.3521E-9
2.5805E-11	2.5214E-9
2.5906E-11	5.0388E-9
2.6006E-11	8.0602E-9
2.6107E-11	1.1355E-8
2.6208E-11	1.8526E-8
2.6309E-11	2.8365E-8
2.6410E-11	4.0791E-8
2.6510E-11	5.9424E-8
2.6611E-11	8.0142E-8
2.6712E-11	1.1074E-7
2.6813E-11	9.9874E-8
2.6914E-11	9.9110E-8
2.7014E-11	8.9307E-8
2.7115E-11	6.8882E-8
2.7216E-11	5.5493E-8
2.7317E-11	3.3408E-8
2.7418E-11	2.2288E-8
2.7518E-11	1.3100E-8
2.7619E-11	8.2809E-9
2.7720E-11	4.8612E-9
2.7821E-11	3.2313E-9
2.7922E-11	2.2177E-9
2.8022E-11	1.6607E-9
2.8123E-11	1.2578E-9
2.8224E-11	1.0726E-9
2.8325E-11	1.0766E-9
2.8426E-11	9.4146E-10
2.8526E-11	7.5050E-10
2.8627E-11	7.2513E-10
2.8728E-11	5.4876E-10
2.8829E-11	5.4822E-10
2.8930E-11	4.6574E-10
2.9030E-11	4.1751E-10
2.9131E-11	3.8937E-10
2.9232E-11	3.1314E-10
2.9333E-11	2.6745E-10
2.9434E-11	1.9611E-10
2.9534E-11	1.3370E-10
2.9635E-11	1.5121E-10
2.9736E-11	9.5291E-11
2.9837E-11	7.6566E-11
2.9938E-11	6.3514E-11
3.0038E-11	8.1082E-11
3.0139E-11	3.3744E-11
3.0240E-11	5.0222E-11
3.0341E-11	4.5399E-11
3.0442E-11	3.9659E-11
3.0542E-11	3.7813E-11
3.0643E-11	3.5969E-11
3.0744E-11	3.0409E-11
3.0845E-11	3.1397E-11
3.0946E-11	1.7164E-11
3.1046E-11	3.2058E-11
3.1147E-11	2.1478E-11
3.1248E-11	2.7447E-11
3.1349E-11	3.0535E-11
3.1450E-11	1.0411E-11
3.1550E-11	1.8896E-11
3.1651E-11	2.2992E-11
3.1752E-11	2.7966E-11
3.1853E-11	1.7221E-11
3.1954E-11	2.0615E-11
3.2054E-11	2.7227E-11
3.2155E-11	1.8917E-11
3.2256E-11	2.6470E-11
3.2357E-11	2.0796E-11
3.2458E-11	2.9862E-11
3.2558E-11	2.8191E-11
3.2659E-11	1.8668E-11
3.2760E-11	1.6380E-11
3.2861E-11	2.6147E-11
3.2962E-11	1.6768E-11
3.3062E-11	2.2943E-11
3.3163E-11	1.5663E-11
3.3264E-11	1.3501E-11
3.3365E-11	2.0280E-11
3.3466E-11	1.6073E-11
3.3566E-11	2.3588E-11
3.3667E-11	1.4585E-11
3.3768E-11	2.7048E-11
3.3869E-11	3.9855E-11
3.3970E-11	2.6900E-11
3.4070E-11	2.9548E-11
3.4171E-11	1.3467E-11
3.4272E-11	1.6931E-11
3.4373E-11	1.8651E-11
3.4474E-11	2.9395E-11
3.4574E-11	3.1642E-11
3.4675E-11	2.1637E-11
3.4776E-11	1.3128E-11
3.4877E-11	2.0769E-11
3.4978E-11	2.7998E-11
3.5078E-11	2.3103E-11
3.5179E-11	2.8652E-11
3.5280E-11	1.8091E-11
3.5381E-11	1.6562E-11
3.5482E-11	2.9004E-11
3.5582E-11	3.0017E-11
3.5683E-11	1.7457E-11
3.5784E-11	1.3369E-11
3.5885E-11	2.6245E-11
3.5986E-11	2.4956E-11
3.6086E-11	2.4311E-11
3.6187E-11	3.4624E-11
3.6288E-11	1.6999E-11
3.6389E-11	2.6144E-11
3.6490E-11	2.0496E-11
3.6590E-11	3.0486E-11
3.6691E-11	3.1170E-11
3.6792E-11	4.6782E-11
3.6893E-11	3.8972E-11
3.6994E-11	5.6990E-11
3.7094E-11	6.0699E-11
3.7195E-11	7.7695E-11
3.7296E-11	7.6604E-11
3.7397E-11	6.2474E-11
3.7498E-11	4.8739E-11
3.7598E-11	4.7824E-11
3.7699E-11	5.6165E-11
3.7800E-11	2.5959E-11
3.7901E-11	3.0983E-11
3.8002E-11	2.9096E-11
3.8102E-11	3.3101E-11
3.8203E-11	2.4345E-11
3.8304E-11	5.3137E-11
3.8405E-11	4.2112E-11
3.8506E-11	3.7428E-11
3.8606E-11	6.6142E-11
3.8707E-11	6.9676E-11
3.8808E-11	1.1455E-10
3.8909E-11	1.9746E-10
3.9010E-11	2.7569E-10
3.9110E-11	4.0775E-10
3.9211E-11	6.0478E-10
3.9312E-11	9.7384E-10
3.9413E-11	1.4886E-9
3.9514E-11	2.1939E-9
3.9614E-11	2.9458E-9
3.9715E-11	2.6838E-9
3.9816E-11	3.1973E-9
3.9917E-11	3.0687E-9
4.0018E-11	2.7493E-9
4.0118E-11	2.6284E-9
4.0219E-11	1.9146E-9
4.0320E-11	1.6599E-9
4.0421E-11	1.2053E-9
4.0522E-11	9.1315E-10
4.0622E-11	7.2754E-10
4.0723E-11	5.9135E-10
4.0824E-11	5.3868E-10
4.0925E-11	4.2033E-10
4.1026E-11	3.5548E-10
4.1126E-11	3.0905E-10
4.1227E-11	2.3772E-10
4.1328E-11	2.2625E-10
4.1429E-11	2.2073E-10
4.1530E-11	2.0137E-10
4.1630E-11	2.5655E-10
4.1731E-11	1.8078E-10
4.1832E-11	1.2872E-10
4.1933E-11	1.5628E-10
4.2034E-11	1.3714E-10
4.2134E-11	1.0492E-10
4.2235E-11	7.1881E-11
4.2336E-11	6.8136E-11
4.2437E-11	5.8644E-11
4.2538E-11	4.3105E-11
4.2638E-11	3.5442E-11
4.2739E-11	4.1380E-11
4.2840E-11	4.5983E-11
4.2941E-11	4.2465E-11
4.3042E-11	3.0519E-11
4.3142E-11	3.5941E-11
4.3243E-11	1.6631E-11
4.3344E-11	2.6706E-11
4.3445E-11	2.9762E-11
4.3546E-11	3.1377E-11
4.3646E-11	2.4926E-11
4.3747E-11	2.6764E-11
4.3848E-11	3.7117E-11
4.3949E-11	1.7863E-11
4.4050E-11	2.2326E-11
4.4150E-11	2.4478E-11
4.4251E-11	1.4747E-11
4.4352E-11	1.9987E-11
4.4453E-11	2.4917E-11
4.4554E-11	2.5557E-11
4.4654E-11	3.3704E-11
4.4755E-11	3.0831E-11
4.4856E-11	1.8300E-11
4.4957E-11	1.7477E-11
4.5058E-11	2.1760E-11
4.5158E-11	1.7378E-11
4.5259E-11	2.4958E-11
4.5360E-11	1.8528E-11
4.5461E-11	1.7145E-11
4.5562E-11	2.0231E-11
4.5662E-11	3.8876E-11
